-6.0673 7.3362e-06 7.3362e-06 0 1 1.3631e+05 1
-5.3735 8.3117e-06 4.026e-06 0 4.2623 5.128e+05 2.0645
-4.6798 9.4155e-06 4.1823e-06 0 5.0682 5.3828e+05 2.2513
-3.9861 1.8379e-05 5.8436e-06 0 9.8916 5.3821e+05 3.1451
-3.2923 2.4654e-05 6.7858e-06 0 13.2 5.354e+05 3.6331
-2.5986 3.7688e-05 8.3899e-06 0 20.179 5.3542e+05 4.4921
-1.9048 5.8408e-05 1.0474e-05 0 31.097 5.3241e+05 5.5765
-1.2111 0.00011111 1.447e-05 0 58.968 5.3069e+05 7.679
-0.51736 0.00015222 1.7003e-05 0 80.143 5.265e+05 8.9523
0.17638 0.00018816 1.8967e-05 0 98.417 5.2304e+05 9.9205
0.87012 0.00013377 1.608e-05 0 69.208 5.1735e+05 8.3191
1.5639 7.379e-05 1.1984e-05 0 37.913 5.1379e+05 6.1573
2.2576 4.0475e-05 8.6786e-06 0 21.751 5.374e+05 4.6638
2.9513 2.6227e-05 6.9837e-06 0 14.103 5.3774e+05 3.7555
3.6451 3.1198e-05 7.638e-06 0 16.684 5.3477e+05 4.0846
4.3388 2.2464e-05 6.4901e-06 0 11.98 5.3331e+05 3.4612
5.0326 1.4611e-05 5.2442e-06 0 7.7622 5.3127e+05 2.7861
5.7263 1.0949e-05 4.5534e-06 0 5.7821 5.2809e+05 2.4046
6.42 1.1621e-05 4.7059e-06 0 6.0979 5.2475e+05 2.4694
7.1138 8.6281e-06 4.0603e-06 0 4.5156 5.2336e+05 2.125
7.8075 9.3596e-06 4.2498e-06 0 4.8503 5.1822e+05 2.2023
8.5013 9.4597e-06 4.3177e-06 0 4.8 5.0742e+05 2.1909
9.195 1.535e-05 5.4767e-06 0 7.856 5.1178e+05 2.8029
9.8887 6.7569e-06 3.5671e-06 0 3.5882 5.3104e+05 1.8943
10.582 1.1707e-05 4.7072e-06 0 6.1852 5.2834e+05 2.487
11.276 1.7822e-05 5.8265e-06 0 9.3564 5.2499e+05 3.0588
11.97 2.0395e-05 6.2435e-06 0 10.67 5.2319e+05 3.2665
12.664 2.7726e-05 7.3145e-06 0 14.368 5.1823e+05 3.7906
13.357 4.225e-05 9.0735e-06 0 21.683 5.132e+05 4.6565
14.051 5.4327e-05 1.0339e-05 0 27.613 5.0827e+05 5.2548
14.745 5.9571e-05 1.0881e-05 0 29.971 5.0311e+05 5.4746
15.439 7.7907e-05 1.2537e-05 0 38.617 4.9568e+05 6.2143
16.132 7.5034e-05 1.2359e-05 0 36.863 4.9128e+05 6.0715
16.826 5.8799e-05 1.0975e-05 0 28.701 4.8813e+05 5.3574
17.52 4.6087e-05 9.7534e-06 0 22.328 4.8447e+05 4.7252
18.214 4.5796e-05 9.7575e-06 0 22.028 4.8101e+05 4.6934
18.907 3.004e-05 7.901e-06 0 14.456 4.8121e+05 3.8021
19.601 3.23e-05 8.2299e-06 0 15.403 4.7688e+05 3.9247
20.295 2.9585e-05 7.7648e-06 0 14.517 4.9069e+05 3.8101
20.989 2.1134e-05 6.5653e-06 0 10.363 4.9032e+05 3.2191
21.682 1.7309e-05 5.9759e-06 0 8.3897 4.8469e+05 2.8965
22.376 1.2416e-05 5.0679e-06 0 6.002 4.8341e+05 2.4499
23.07 1.2788e-05 5.1456e-06 0 6.176 4.8296e+05 2.4851
23.764 1.7204e-05 5.9572e-06 0 8.3402 4.8478e+05 2.8879
24.457 2.8135e-05 7.588e-06 0 13.748 4.8864e+05 3.7078
25.151 3.0414e-05 7.9083e-06 0 14.79 4.863e+05 3.8458
25.845 2.448e-05 7.1307e-06 0 11.785 4.8144e+05 3.433
26.539 1.7198e-05 5.9912e-06 0 8.2403 4.7914e+05 2.8706
27.232 2.3422e-05 6.9539e-06 0 11.345 4.8437e+05 3.3683
27.926 2.4974e-05 7.0027e-06 0 12.718 5.0927e+05 3.5663
28.62 2.3616e-05 6.8037e-06 0 12.048 5.1018e+05 3.4711
29.313 2.4363e-05 6.9079e-06 0 12.438 5.1055e+05 3.5268
30.007 3.6076e-05 1.0637e-05 0 11.503 3.1885e+05 3.3916
30.701 3.4549e-05 1.0429e-05 0 10.974 3.1763e+05 3.3127
31.395 5.3551e-05 1.2994e-05 0 16.984 3.1715e+05 4.1211
32.088 6.2941e-05 1.4161e-05 0 19.757 3.1389e+05 4.4448
32.782 6.623e-05 1.4554e-05 0 20.709 3.1268e+05 4.5507
33.476 7.0072e-05 1.5013e-05 0 21.785 3.109e+05 4.6674
34.17 7.8093e-05 1.5835e-05 0 24.323 3.1146e+05 4.9318
34.863 9.4554e-05 1.7457e-05 0 29.336 3.1026e+05 5.4163
35.557 0.00011078 1.896e-05 0 34.137 3.0816e+05 5.8427
36.251 0.00011749 1.9559e-05 0 36.08 3.071e+05 6.0067
36.945 0.00013336 2.0858e-05 0 40.876 3.0651e+05 6.3934
37.638 0.00014854 2.2075e-05 0 45.274 3.048e+05 6.7286
38.332 0.00022434 2.7208e-05 0 67.988 3.0306e+05 8.2455
39.026 0.00033155 3.3086e-05 0 100.42 3.0287e+05 10.021
39.72 0.00043332 3.8049e-05 0 129.69 2.9931e+05 11.388
40.413 0.00065088 4.6906e-05 0 192.55 2.9583e+05 13.876
41.107 0.00070404 4.7262e-05 0 221.91 3.1519e+05 14.897
41.801 0.00071533 4.7408e-05 0 227.67 3.1828e+05 15.089
42.495 0.00070699 4.7278e-05 0 223.62 3.163e+05 14.954
43.188 0.00062877 4.464e-05 0 198.4 3.1553e+05 14.085
43.882 0.00057384 4.2643e-05 0 181.09 3.1557e+05 13.457
44.576 0.00043588 3.7238e-05 0 137.01 3.1433e+05 11.705
45.27 0.00044481 3.7693e-05 0 139.26 3.1309e+05 11.801
45.963 0.00039799 3.5683e-05 0 124.4 3.1256e+05 11.153
46.657 0.00033851 3.3039e-05 0 104.98 3.1011e+05 10.246
47.351 0.00035715 3.4111e-05 0 109.63 3.0694e+05 10.47
48.044 0.0002839 3.0457e-05 0 86.887 3.0605e+05 9.3213
48.738 0.00020285 2.5767e-05 0 61.975 3.0552e+05 7.8724
49.432 0.00018107 2.453e-05 0 54.491 3.0093e+05 7.3818
50.126 0.00015557 2.269e-05 0 47.011 3.0218e+05 6.8564
50.819 0.00010745 1.8872e-05 0 32.42 3.0172e+05 5.6939
51.513 0.00010156 1.8282e-05 0 30.863 3.0389e+05 5.5555
52.207 7.6621e-05 1.5808e-05 0 23.494 3.0663e+05 4.8471
52.901 7.166e-05 1.5311e-05 0 21.906 3.057e+05 4.6804
53.594 7.647e-05 1.5748e-05 0 23.579 3.0834e+05 4.8558
54.288 5.7542e-05 1.3665e-05 0 17.732 3.0816e+05 4.2109
54.982 5.5062e-05 1.3363e-05 0 16.977 3.0834e+05 4.1204
55.676 4.3675e-05 1.1951e-05 0 13.355 3.0578e+05 3.6544
56.369 3.2556e-05 1.0387e-05 0 9.8244 3.0177e+05 3.1344
57.063 2.8016e-05 9.6799e-06 0 8.3765 2.9899e+05 2.8942
57.757 3.6946e-05 1.1148e-05 0 10.984 2.973e+05 3.3142
58.451 5.5912e-05 1.3772e-05 0 16.482 2.9478e+05 4.0598
59.144 4.559e-05 1.2107e-05 0 14.181 3.1105e+05 3.7657
59.838 4.8431e-05 1.2359e-05 0 15.355 3.1706e+05 3.9186
60.532 7.2873e-05 1.5141e-05 0 23.164 3.1787e+05 4.8129
61.226 9.1374e-05 1.6898e-05 0 29.241 3.2001e+05 5.4075
61.919 0.00016945 2.3006e-05 0 54.252 3.2017e+05 7.3656
62.613 0.00021689 2.6051e-05 0 69.315 3.1959e+05 8.3255
63.307 0.00028206 2.9708e-05 0 90.142 3.1959e+05 9.4943
64.001 0.00035856 3.349e-05 0 114.63 3.1969e+05 10.706
64.694 0.00038541 3.4708e-05 0 123.3 3.1993e+05 11.104
65.388 0.00038462 3.4628e-05 0 123.37 3.2075e+05 11.107
66.082 0.00035934 3.348e-05 0 115.2 3.2057e+05 10.733
66.775 0.00027319 2.9105e-05 0 88.101 3.2249e+05 9.3862
67.469 0.00024162 2.6958e-05 0 80.332 3.3247e+05 8.9628
68.163 0.00013086 1.9788e-05 0 43.731 3.3419e+05 6.6129
68.857 0.00011217 1.8226e-05 0 37.872 3.3764e+05 6.154
69.55 7.4935e-05 1.4891e-05 0 25.323 3.3792e+05 5.0322
70.244 4.1146e-05 1.1012e-05 0 13.961 3.3929e+05 3.7364
70.938 3.2225e-05 9.7237e-06 0 10.983 3.4082e+05 3.3141
71.632 3.1818e-05 9.6603e-06 0 10.848 3.4095e+05 3.2937
72.325 3.3793e-05 9.9389e-06 0 11.561 3.421e+05 3.4001
73.019 2.1273e-05 7.8789e-06 0 7.2902 3.4269e+05 2.7
73.713 2.697e-05 8.8583e-06 0 9.2693 3.4369e+05 3.0446
74.407 2.6991e-05 8.8926e-06 0 9.2123 3.4132e+05 3.0352
75.1 4.2828e-05 1.1239e-05 0 14.522 3.3907e+05 3.8107
