-4.6934 5.8387e-05 1.7604e-05 0 11 1.884e+05 3.3166
-4.0825 7.02e-05 1.947e-05 0 13 1.8518e+05 3.6056
-3.4003 0.00013322 2.6644e-05 0 25 1.8766e+05 5
-2.7068 0.00016408 2.9469e-05 0 31 1.8893e+05 5.5678
-2.0152 0.00029362 3.8891e-05 0 57 1.9413e+05 7.5498
-1.3272 0.00061255 5.5686e-05 0 121 1.9754e+05 11
-0.64002 0.00087524 6.6544e-05 0 173 1.9766e+05 13.153
0.04018 0.001096 7.4743e-05 0 215 1.9618e+05 14.663
0.73664 0.00088297 6.7523e-05 0 171 1.9366e+05 13.077
1.4346 0.00049958 5.0989e-05 0 96 1.9216e+05 9.798
2.115 0.00026966 3.776e-05 0 51 1.8913e+05 7.1414
2.8115 0.00018015 3.1361e-05 0 33 1.8318e+05 5.7446
3.4919 0.00013163 2.687e-05 0 24 1.8232e+05 4.899
4.1849 9.28e-05 2.2507e-05 0 17 1.8319e+05 4.1231
4.8751 0.00010692 2.4528e-05 0 19 1.7771e+05 4.3589
5.5633 5.1903e-05 1.7301e-05 0 9 1.734e+05 3
6.2509 5.7928e-05 1.8319e-05 0 10 1.7263e+05 3.1623
6.9383 4.7297e-05 1.6722e-05 0 8 1.6914e+05 2.8284
7.7129 5.7187e-05 1.6509e-05 0 12 2.0984e+05 3.4641
8.3167 2.8819e-05 1.1765e-05 0 6 2.0819e+05 2.4495
9.0028 4.3229e-05 1.441e-05 0 9 2.0819e+05 3
9.7012 3.3866e-05 1.28e-05 0 7 2.067e+05 2.6458
10.378 3.3798e-05 1.2775e-05 0 7 2.0711e+05 2.6458
11.076 3.852e-05 1.3619e-05 0 8 2.0768e+05 2.8284
11.757 5.7795e-05 1.6684e-05 0 12 2.0763e+05 3.4641
12.45 1.4471e-05 8.3549e-06 0 3 2.0731e+05 1.7321
13.148 2.4192e-05 1.0819e-05 0 5 2.0668e+05 2.2361
13.828 1.4482e-05 8.3612e-06 0 3 2.0715e+05 1.7321
14.525 2.4141e-05 1.0796e-05 0 5 2.0712e+05 2.2361
15.205 2.4087e-05 1.0772e-05 0 5 2.0758e+05 2.2361
15.897 1.4484e-05 8.3622e-06 0 3 2.0713e+05 1.7321
16.578 4.8538e-06 4.8538e-06 0 1 2.0603e+05 1
17.264 9.6964e-06 6.8564e-06 0 2 2.0626e+05 1.4142
17.96 9.7129e-06 6.8681e-06 0 2 2.0591e+05 1.4142
18.652 1.9601e-05 9.8005e-06 0 4 2.0407e+05 2
19.335 1.9657e-05 9.8287e-06 0 4 2.0348e+05 2
20.026 1.4834e-05 8.5646e-06 0 3 2.0223e+05 1.7321
20.722 0 4.9537e-06 0 0 2.0187e+05 0
21.411 4.9815e-06 4.9815e-06 0 1 2.0074e+05 1
22.088 1.5134e-05 8.7375e-06 0 3 1.9823e+05 1.7321
22.782 0 5.1338e-06 0 0 1.9479e+05 0
23.461 1.0289e-05 7.2753e-06 0 2 1.9439e+05 1.4142
24.155 1.016e-05 7.1843e-06 0 2 1.9685e+05 1.4142
24.835 2.5385e-05 1.1353e-05 0 5 1.9696e+05 2.2361
25.53 3.0739e-05 1.2549e-05 0 6 1.9519e+05 2.4495
26.227 2.5616e-05 1.1456e-05 0 5 1.9519e+05 2.2361
26.907 4.1072e-05 1.4521e-05 0 8 1.9478e+05 2.8284
27.601 4.7025e-05 1.5675e-05 0 9 1.9139e+05 3
28.291 1.6056e-05 9.2702e-06 0 3 1.8684e+05 1.7321
28.976 3.7992e-05 1.436e-05 0 7 1.8425e+05 2.6458
29.671 2.2319e-05 1.116e-05 0 4 1.7922e+05 2
30.35 2.2914e-05 1.1457e-05 0 4 1.7457e+05 2
31.045 4.1469e-05 1.5674e-05 0 7 1.688e+05 2.6458
31.808 3.9091e-05 1.3821e-05 0 8 2.0465e+05 2.8284
32.416 4.4228e-05 1.4743e-05 0 9 2.0349e+05 3
33.105 3.9568e-05 1.3989e-05 0 8 2.0218e+05 2.8284
33.792 3.9881e-05 1.41e-05 0 8 2.006e+05 2.8284
34.479 6.0945e-05 1.7593e-05 0 12 1.969e+05 3.4641
35.169 9.4193e-05 2.2202e-05 0 18 1.911e+05 4.2426
35.861 0.00011429 2.4366e-05 0 22 1.925e+05 4.6904
36.541 0.00011288 2.4066e-05 0 22 1.949e+05 4.6904
37.233 0.00017161 2.9874e-05 0 33 1.9229e+05 5.7446
37.919 0.00020799 3.2886e-05 0 40 1.9232e+05 6.3246
38.609 0.00022781 3.3961e-05 0 45 1.9753e+05 6.7082
39.305 0.00021968 3.3118e-05 0 44 2.0029e+05 6.6332
39.985 0.00039463 4.44e-05 0 79 2.0018e+05 8.8882
40.676 0.00049504 4.9504e-05 0 100 2.02e+05 10
41.363 0.00036575 4.2517e-05 0 74 2.0232e+05 8.6023
42.048 0.00038932 4.3802e-05 0 79 2.0292e+05 8.8882
42.734 0.00018814 3.0521e-05 0 38 2.0197e+05 6.1644
43.42 0.00021226 3.2369e-05 0 43 2.0258e+05 6.5574
44.103 0.00015851 2.8022e-05 0 32 2.0187e+05 5.6569
44.791 0.00018931 3.0711e-05 0 38 2.0072e+05 6.1644
45.474 0.00018389 3.0232e-05 0 37 2.012e+05 6.0828
46.171 0.00019423 3.1101e-05 0 39 2.008e+05 6.245
46.857 0.00012958 2.5412e-05 0 26 2.0065e+05 5.099
47.543 0.00017478 2.9544e-05 0 35 2.0025e+05 5.9161
48.23 0.00012513 2.5027e-05 0 25 1.9978e+05 5
48.924 0.00017148 2.9409e-05 0 34 1.9827e+05 5.831
49.609 0.00016136 2.8524e-05 0 32 1.9832e+05 5.6569
50.297 8.0194e-05 2.0048e-05 0 16 1.9952e+05 4
50.992 9.4944e-05 2.1782e-05 0 19 2.0012e+05 4.3589
51.671 5.9738e-05 1.7245e-05 0 12 2.0088e+05 3.4641
52.361 8.4766e-05 2.0559e-05 0 17 2.0055e+05 4.1231
53.039 5.4987e-05 1.6579e-05 0 11 2.0005e+05 3.3166
53.736 4.0033e-05 1.4154e-05 0 8 1.9984e+05 2.8284
54.428 5.4909e-05 1.6556e-05 0 11 2.0033e+05 3.3166
55.106 0.00013019 2.5532e-05 0 26 1.9971e+05 5.099
55.796 4.5089e-05 1.503e-05 0 9 1.996e+05 3
