-5.0647 5.3079e-05 1.6785e-05 0 10 1.884e+05 3.1623
-4.4528 0.0001242 2.5898e-05 0 23 1.8518e+05 4.7958
-3.7735 9.0589e-05 2.1971e-05 0 17 1.8766e+05 4.1231
-3.0784 0.00015349 2.8503e-05 0 29 1.8893e+05 5.3852
-2.3892 0.00026272 3.6788e-05 0 51 1.9413e+05 7.1414
-1.7029 0.0005113 5.0876e-05 0 101 1.9754e+05 10.05
-1.0174 0.00084995 6.5575e-05 0 168 1.9766e+05 12.961
-0.3368 0.0011367 7.6121e-05 0 223 1.9618e+05 14.933
0.35798 0.001167 7.7626e-05 0 226 1.9366e+05 15.033
1.0574 0.00084825 6.644e-05 0 163 1.9216e+05 12.767
1.7371 0.00046001 4.9318e-05 0 87 1.8913e+05 9.3274
2.4312 0.00020745 3.3653e-05 0 38 1.8318e+05 6.1644
3.1099 0.00019197 3.2448e-05 0 35 1.8232e+05 5.9161
3.8049 0.00012555 2.618e-05 0 23 1.8319e+05 4.7958
4.4943 0.0001238 2.6394e-05 0 22 1.7771e+05 4.6904
5.1805 0.00010957 2.5138e-05 0 19 1.734e+05 4.3589
5.8693 7.5307e-05 2.0886e-05 0 13 1.7263e+05 3.6056
6.5529 7.0946e-05 2.048e-05 0 12 1.6914e+05 3.4641
7.3258 4.7656e-05 1.507e-05 0 10 2.0984e+05 3.1623
7.9282 6.7245e-05 1.7972e-05 0 14 2.0819e+05 3.7417
8.6145 4.8033e-05 1.5189e-05 0 10 2.0819e+05 3.1623
9.3109 4.3542e-05 1.4514e-05 0 9 2.067e+05 3
9.9896 4.8283e-05 1.5269e-05 0 10 2.0711e+05 3.1623
10.684 3.3705e-05 1.2739e-05 0 7 2.0768e+05 2.6458
11.363 5.7795e-05 1.6684e-05 0 12 2.0763e+05 3.4641
12.055 5.3061e-05 1.5998e-05 0 11 2.0731e+05 3.3166
12.756 4.3546e-05 1.4515e-05 0 9 2.0668e+05 3
13.432 4.8273e-05 1.5265e-05 0 10 2.0715e+05 3.1623
14.128 3.8625e-05 1.3656e-05 0 8 2.0712e+05 2.8284
14.806 4.3356e-05 1.4452e-05 0 9 2.0758e+05 3
15.502 5.7935e-05 1.6724e-05 0 12 2.0713e+05 3.4641
16.18 2.9123e-05 1.1889e-05 0 6 2.0603e+05 2.4495
16.863 1.9393e-05 9.6964e-06 0 4 2.0626e+05 2
17.558 1.4569e-05 8.4116e-06 0 3 2.0591e+05 1.7321
18.249 3.4302e-05 1.2965e-05 0 7 2.0407e+05 2.6458
18.932 1.9657e-05 9.8287e-06 0 4 2.0348e+05 2
19.62 3.9558e-05 1.3986e-05 0 8 2.0223e+05 2.8284
20.317 4.9537e-06 4.9537e-06 0 1 2.0187e+05 1
21.003 1.9926e-05 9.9629e-06 0 4 2.0074e+05 2
21.679 2.0178e-05 1.0089e-05 0 4 1.9823e+05 2
22.37 3.0803e-05 1.2575e-05 0 6 1.9479e+05 2.4495
23.05 3.0866e-05 1.2601e-05 0 6 1.9439e+05 2.4495
23.743 3.048e-05 1.2443e-05 0 6 1.9685e+05 2.4495
24.421 3.0462e-05 1.2436e-05 0 6 1.9696e+05 2.4495
25.115 2.0493e-05 1.0246e-05 0 4 1.9519e+05 2
25.81 2.0493e-05 1.0246e-05 0 4 1.9519e+05 2
26.489 3.5938e-05 1.3583e-05 0 7 1.9478e+05 2.6458
27.18 5.225e-05 1.6523e-05 0 10 1.9139e+05 3.1623
27.87 2.6761e-05 1.1968e-05 0 5 1.8684e+05 2.2361
28.553 2.7137e-05 1.2136e-05 0 5 1.8425e+05 2.2361
29.249 3.3479e-05 1.3668e-05 0 6 1.7922e+05 2.4495
29.925 4.0099e-05 1.5156e-05 0 7 1.7457e+05 2.6458
30.622 2.9621e-05 1.3247e-05 0 5 1.688e+05 2.2361
31.383 4.3978e-05 1.4659e-05 0 9 2.0465e+05 3
31.988 3.9314e-05 1.39e-05 0 8 2.0349e+05 2.8284
32.676 2.473e-05 1.106e-05 0 5 2.0218e+05 2.2361
33.361 3.9881e-05 1.41e-05 0 8 2.006e+05 2.8284
34.044 6.0945e-05 1.7593e-05 0 12 1.969e+05 3.4641
34.736 9.9426e-05 2.281e-05 0 19 1.911e+05 4.3589
35.424 9.8702e-05 2.2644e-05 0 19 1.925e+05 4.3589
36.103 0.00010262 2.2946e-05 0 20 1.949e+05 4.4721
36.793 0.00014041 2.7022e-05 0 27 1.9229e+05 5.1962
37.478 0.00021319 3.3294e-05 0 41 1.9232e+05 6.4031
38.166 0.00025819 3.6154e-05 0 51 1.9753e+05 7.1414
38.864 0.00041939 4.5759e-05 0 84 2.0029e+05 9.1652
39.54 0.0004296 4.6325e-05 0 86 2.0018e+05 9.2736
40.232 0.00057919 5.3546e-05 0 117 2.02e+05 10.817
40.915 0.00073644 6.0331e-05 0 149 2.0232e+05 12.207
41.6 0.00044846 4.7012e-05 0 91 2.0292e+05 9.5394
42.283 0.00044065 4.6709e-05 0 89 2.0197e+05 9.434
42.968 0.00038009 4.3315e-05 0 77 2.0258e+05 8.775
43.65 0.00038143 4.3468e-05 0 77 2.0187e+05 8.775
44.339 0.00035372 4.1979e-05 0 71 2.0072e+05 8.4261
45.021 0.00030317 3.8818e-05 0 61 2.012e+05 7.8102
45.714 0.00031375 3.9529e-05 0 63 2.008e+05 7.9373
46.402 0.00026912 3.6623e-05 0 54 2.0065e+05 7.3485
47.082 0.00027466 3.7035e-05 0 55 2.0025e+05 7.4162
47.769 0.0001902 3.0855e-05 0 38 1.9978e+05 6.1644
48.46 0.00022192 3.3456e-05 0 44 1.9827e+05 6.6332
49.145 0.00022691 3.3825e-05 0 45 1.9832e+05 6.7082
49.83 0.0001253 2.5061e-05 0 25 1.9952e+05 5
50.522 0.00011993 2.448e-05 0 24 2.0012e+05 4.899
51.199 6.9694e-05 1.8627e-05 0 14 2.0088e+05 3.7417
51.891 8.4766e-05 2.0559e-05 0 17 2.0055e+05 4.1231
52.569 6.9983e-05 1.8704e-05 0 14 2.0005e+05 3.7417
53.261 7.5062e-05 1.9381e-05 0 15 1.9984e+05 3.873
53.953 8.486e-05 2.0582e-05 0 17 2.0033e+05 4.1231
54.627 9.0129e-05 2.1244e-05 0 18 1.9971e+05 4.2426
55.319 6.5129e-05 1.8064e-05 0 13 1.996e+05 3.6056
