-5.241 4.8538e-06 4.8538e-06 0 1 2.0602e+05 1
-4.5226 1.762e-05 5.7331e-06 0 9.4458 5.3608e+05 3.0734
-3.8296 2.2547e-05 6.4801e-06 0 12.107 5.3694e+05 3.4794
-3.1366 3.6121e-05 8.1758e-06 0 19.519 5.4038e+05 4.4181
-2.4436 3.8739e-05 8.44e-06 0 21.068 5.4384e+05 4.59
-1.7507 0.00010226 1.374e-05 0 55.391 5.4168e+05 7.4425
-1.0577 0.00013972 1.6049e-05 0 75.792 5.4245e+05 8.7059
-0.36469 0.0001717 1.7774e-05 0 93.32 5.4351e+05 9.6603
0.32829 0.00019439 1.8902e-05 0 105.76 5.4406e+05 10.284
1.0213 0.00012589 1.5205e-05 0 68.549 5.4451e+05 8.2794
1.7143 6.8172e-05 1.1251e-05 0 36.713 5.3854e+05 6.0592
2.4072 4.4329e-05 9.0783e-06 0 23.843 5.3787e+05 4.8829
3.1002 3.5755e-05 8.155e-06 0 19.223 5.3764e+05 4.3844
3.7932 4.0529e-05 8.7107e-06 0 21.649 5.3415e+05 4.6528
4.4862 2.4789e-05 6.8267e-06 0 13.186 5.3191e+05 3.6312
5.1792 1.3321e-05 5.03e-06 0 7.0137 5.2651e+05 2.6483
5.8722 9.7648e-06 4.3256e-06 0 5.096 5.2188e+05 2.2574
6.5651 2.506e-05 6.967e-06 0 12.938 5.1628e+05 3.5969
7.2581 1.7003e-05 5.6404e-06 0 9.0873 5.3445e+05 3.0145
7.9511 2.2961e-05 6.3902e-06 0 12.91 5.6228e+05 3.5931
8.6441 3.9389e-05 8.3944e-06 0 22.018 5.5898e+05 4.6923
9.3371 5.5393e-05 9.9623e-06 0 30.916 5.5813e+05 5.5602
10.03 7.4963e-05 1.1596e-05 0 41.787 5.5744e+05 6.4643
10.723 0.00011102 1.4082e-05 0 62.157 5.5987e+05 7.884
11.416 0.00013289 1.5404e-05 0 74.426 5.6006e+05 8.6271
12.109 0.00013056 1.5235e-05 0 73.45 5.6256e+05 8.5703
12.802 7.2978e-05 1.1391e-05 0 41.045 5.6243e+05 6.4066
13.495 5.7413e-05 1.0102e-05 0 32.303 5.6264e+05 5.6835
14.188 4.8257e-05 9.2793e-06 0 27.045 5.6043e+05 5.2004
14.881 4.9664e-05 1.197e-05 0 17.215 3.4664e+05 4.1491
15.574 3.2635e-05 9.7005e-06 0 11.318 3.4681e+05 3.3643
16.267 1.4027e-05 6.3705e-06 0 4.8485 3.4564e+05 2.2019
16.96 2.3918e-05 8.3237e-06 0 8.2571 3.4522e+05 2.8735
17.653 3.0625e-05 9.457e-06 0 10.487 3.4244e+05 3.2384
18.346 2.0626e-05 7.7829e-06 0 7.0235 3.4051e+05 2.6502
19.039 2.2663e-05 8.1657e-06 0 7.7027 3.3988e+05 2.7754
19.732 3.2178e-05 9.7697e-06 0 10.848 3.3713e+05 3.2936
20.425 1.6577e-05 7.0597e-06 0 5.5133 3.326e+05 2.3481
21.118 1.0462e-05 5.5412e-06 0 3.5646 3.4072e+05 1.888
21.811 1.5127e-05 6.634e-06 0 5.1991 3.4371e+05 2.2801
22.504 2.4145e-05 8.3759e-06 0 8.3098 3.4416e+05 2.8827
23.197 2.9537e-05 9.2672e-06 0 10.159 3.4393e+05 3.1873
23.89 2.2439e-05 8.0927e-06 0 7.6884 3.4263e+05 2.7728
24.583 3.253e-05 9.7873e-06 0 11.047 3.3959e+05 3.3237
25.276 2.1357e-05 7.9619e-06 0 7.195 3.369e+05 2.6823
25.969 4.1722e-05 1.1164e-05 0 13.968 3.3479e+05 3.7374
26.662 4.824e-05 1.2011e-05 0 16.131 3.344e+05 4.0164
27.355 5.7971e-05 1.315e-05 0 19.435 3.3525e+05 4.4085
28.048 4.8241e-05 1.1978e-05 0 16.219 3.3622e+05 4.0273
28.741 6.2337e-05 1.3646e-05 0 20.869 3.3478e+05 4.5683
29.434 6.1712e-05 1.3586e-05 0 20.631 3.3432e+05 4.5422
30.127 7.4005e-05 1.4921e-05 0 24.601 3.3242e+05 4.9599
30.82 0.00013603 2.0193e-05 0 45.378 3.336e+05 6.7363
31.513 0.00014357 2.0713e-05 0 48.046 3.3465e+05 6.9315
32.206 0.0002097 2.5012e-05 0 70.289 3.352e+05 8.3839
32.898 0.00020272 2.4603e-05 0 67.887 3.3489e+05 8.2393
33.591 0.00027327 2.8494e-05 0 91.977 3.3657e+05 9.5904
34.284 0.00028145 2.8945e-05 0 94.546 3.3593e+05 9.7235
34.977 0.00032086 3.0854e-05 0 108.15 3.3705e+05 10.399
35.67 0.00036186 3.2837e-05 0 121.44 3.356e+05 11.02
36.363 0.00041212 3.5032e-05 0 138.39 3.3581e+05 11.764
37.056 0.00040098 3.4514e-05 0 134.97 3.3661e+05 11.618
37.749 0.00029491 2.9634e-05 0 99.035 3.3582e+05 9.9516
38.442 0.0001707 2.2522e-05 0 57.442 3.3651e+05 7.5791
39.135 0.00012069 1.888e-05 0 40.861 3.3857e+05 6.3923
39.828 7.9282e-05 1.5282e-05 0 26.916 3.395e+05 5.1881
40.521 5.5395e-05 1.2765e-05 0 18.833 3.3998e+05 4.3397
41.214 4.6982e-05 1.1758e-05 0 15.965 3.3982e+05 3.9957
41.907 4.3679e-05 1.1319e-05 0 14.893 3.4095e+05 3.8591
42.6 4.0256e-05 1.0849e-05 0 13.768 3.42e+05 3.7105
43.293 2.4989e-05 8.5418e-06 0 8.5584 3.4249e+05 2.9255
43.986 1.7122e-05 7.0675e-06 0 5.8694 3.4279e+05 2.4227
44.679 1.166e-05 5.8346e-06 0 3.9938 3.4252e+05 1.9985
45.372 1.1255e-05 5.7404e-06 0 3.8445 3.4157e+05 1.9607
46.065 1.9748e-05 7.6171e-06 0 6.7215 3.4036e+05 2.5926
46.758 1.936e-05 7.5735e-06 0 6.5344 3.3753e+05 2.5563
47.451 2.0353e-05 1.0294e-05 0 3.9092 1.9207e+05 1.9772
48.145 1.6e-05 9.2376e-06 0 3 1.875e+05 1.7321
48.838 2.3866e-05 1.1391e-05 0 4.3901 1.8395e+05 2.0953
49.532 1.9641e-05 1.0363e-05 0 3.5925 1.829e+05 1.8954
50.225 8.8905e-06 7.0196e-06 0 1.6041 1.8043e+05 1.2665
50.919 1.734e-05 9.8491e-06 0 3.0995 1.7875e+05 1.7605
51.612 2.6483e-05 1.2213e-05 0 4.7022 1.7755e+05 2.1684
52.306 1.2069e-05 8.21e-06 0 2.1609 1.7905e+05 1.47
53 2.5413e-05 1.1946e-05 0 4.5254 1.7808e+05 2.1273
53.693 1.4144e-05 8.9391e-06 0 2.5036 1.7701e+05 1.5823
54.387 1.3805e-05 8.887e-06 0 2.4129 1.7479e+05 1.5534
55.08 2.5239e-05 1.2021e-05 0 4.4081 1.7465e+05 2.0995
55.774 3.6261e-05 1.4319e-05 0 6.4131 1.7686e+05 2.5324
56.467 4.9835e-05 1.6497e-05 0 9.1256 1.8312e+05 3.0209
57.161 4.9543e-05 1.6256e-05 0 9.289 1.8749e+05 3.0478
57.854 8.1625e-05 2.0812e-05 0 15.382 1.8845e+05 3.922
58.548 0.00017605 3.0684e-05 0 32.918 1.8699e+05 5.7374
59.242 0.00027292 3.8408e-05 0 50.492 1.8501e+05 7.1058
59.935 0.00041675 4.7929e-05 0 75.604 1.8141e+05 8.6951
60.629 0.00059844 5.814e-05 0 105.95 1.7704e+05 10.293
61.322 0.00063256 6.0319e-05 0 109.97 1.7386e+05 10.487
62.016 0.00044659 5.0703e-05 0 77.579 1.7371e+05 8.8079
62.709 0.00031498 4.2398e-05 0 55.194 1.7523e+05 7.4293
63.403 0.00021229 3.4767e-05 0 37.285 1.7563e+05 6.1061
64.096 0.00011549 2.5534e-05 0 20.457 1.7714e+05 4.523
64.79 7.0117e-05 1.991e-05 0 12.402 1.7688e+05 3.5217
65.483 8.2673e-05 2.164e-05 0 14.596 1.7655e+05 3.8204
66.177 4.8661e-05 1.649e-05 0 8.7081 1.7895e+05 2.951
66.871 4.0584e-05 1.4867e-05 0 7.4518 1.8361e+05 2.7298
67.564 4.272e-05 1.5104e-05 0 8 1.8726e+05 2.8284
68.258 4.2085e-05 1.4879e-05 0 8 1.9009e+05 2.8284
68.951 1.8423e-05 9.7631e-06 0 3.5607 1.9328e+05 1.887
69.645 2.5391e-05 1.1404e-05 0 4.9575 1.9525e+05 2.2265
70.338 2.6998e-05 1.1768e-05 0 5.2632 1.9495e+05 2.2942
71.032 2.1888e-05 1.0612e-05 0 4.2537 1.9434e+05 2.0625
71.725 2.4304e-05 1.1161e-05 0 4.7415 1.9509e+05 2.1775
72.419 1.7992e-05 9.5872e-06 0 3.5219 1.9575e+05 1.8767
73.113 1.1475e-05 7.6488e-06 0 2.2507 1.9614e+05 1.5002
73.806 2.1707e-05 1.0532e-05 0 4.2481 1.9571e+05 2.0611
74.5 2.1684e-05 1.0524e-05 0 4.2456 1.9579e+05 2.0605
75.193 1.2628e-05 8.0248e-06 0 2.4761 1.9609e+05 1.5736
75.887 1.4087e-05 8.489e-06 0 2.7539 1.9549e+05 1.6595
