-4.3746 4.3559e-05 1.5401e-05 0 8 1.8366e+05 2.8284
-3.7665 4.8347e-05 1.6116e-05 0 9 1.8616e+05 3
-3.0877 0.00013349 2.6698e-05 0 25 1.8728e+05 5
-2.3945 0.00020675 3.3107e-05 0 39 1.8863e+05 6.245
-1.708 0.00047547 5.0119e-05 0 90 1.8929e+05 9.4868
-1.0218 0.00061343 5.6712e-05 0 117 1.9073e+05 10.817
-0.33833 0.00086029 6.6973e-05 0 165 1.918e+05 12.845
0.33975 0.00089969 6.8601e-05 0 172 1.9118e+05 13.115
1.0317 0.00056537 5.4403e-05 0 108 1.9103e+05 10.392
1.7307 0.00029919 3.9629e-05 0 57 1.9051e+05 7.5498
2.4072 0.00026715 3.7409e-05 0 51 1.909e+05 7.1414
3.1001 0.00019376 3.1854e-05 0 37 1.9096e+05 6.0828
3.7774 0.00014722 2.7822e-05 0 28 1.9019e+05 5.2915
4.4697 0.00012117 2.5266e-05 0 23 1.8982e+05 4.7958
5.1574 5.801e-05 1.7491e-05 0 11 1.8962e+05 3.3166
5.8409 2.1053e-05 1.0527e-05 0 4 1.9e+05 2
6.5279 6.3402e-05 1.8303e-05 0 12 1.8927e+05 3.4641
7.2118 2.6546e-05 1.1872e-05 0 5 1.8835e+05 2.2361
7.8981 0.0001001 2.2964e-05 0 19 1.8982e+05 4.3589
8.5853 4.735e-05 1.5783e-05 0 9 1.9007e+05 3
9.2688 6.3034e-05 1.8196e-05 0 12 1.9037e+05 3.4641
9.9622 7.8688e-05 2.0317e-05 0 15 1.9063e+05 3.873
10.638 6.2969e-05 1.8177e-05 0 12 1.9057e+05 3.4641
11.331 4.2006e-05 1.4851e-05 0 8 1.9045e+05 2.8284
12.008 2.1064e-05 1.0532e-05 0 4 1.8989e+05 2
12.699 4.1945e-05 1.483e-05 0 8 1.9072e+05 2.8284
13.397 3.6823e-05 1.3918e-05 0 7 1.901e+05 2.6458
14.072 4.2184e-05 1.4914e-05 0 8 1.8965e+05 2.8284
14.767 2.6418e-05 1.1815e-05 0 5 1.8926e+05 2.2361
15.441 4.831e-05 1.6103e-05 0 9 1.863e+05 3
16.134 9.0781e-05 2.2018e-05 0 17 1.8726e+05 4.1231
16.812 9.5813e-05 2.2583e-05 0 18 1.8787e+05 4.2426
17.491 0.00010035 2.3022e-05 0 19 1.8934e+05 4.3589
18.188 0.00013336 2.6673e-05 0 25 1.8746e+05 5
18.876 0.00022419 3.5013e-05 0 41 1.8288e+05 6.4031
19.559 0.0001551 2.9311e-05 0 28 1.8053e+05 5.2915
20.247 0.00024996 3.7262e-05 0 45 1.8003e+05 6.7082
20.936 0.00021178 3.4355e-05 0 38 1.7943e+05 6.1644
21.623 0.00018663 3.2488e-05 0 33 1.7682e+05 5.7446
22.298 0.00011079 2.4774e-05 0 20 1.8052e+05 4.4721
22.988 8.197e-05 2.1165e-05 0 15 1.8299e+05 3.873
23.669 4.3979e-05 1.5549e-05 0 8 1.8191e+05 2.8284
24.361 7.6779e-05 2.052e-05 0 14 1.8234e+05 3.7417
25.038 3.3239e-05 1.357e-05 0 6 1.8051e+05 2.4495
25.727 6.736e-05 1.9445e-05 0 12 1.7815e+05 3.4641
26.425 5.6827e-05 1.797e-05 0 10 1.7597e+05 3.1623
27.101 3.9932e-05 1.5093e-05 0 7 1.753e+05 2.6458
27.791 5.648e-05 1.7861e-05 0 10 1.7705e+05 3.1623
28.479 6.7503e-05 1.9486e-05 0 12 1.7777e+05 3.4641
29.161 4.637e-05 1.6394e-05 0 8 1.7253e+05 2.8284
29.855 2.9961e-05 1.3399e-05 0 5 1.6688e+05 2.2361
30.531 7.2003e-05 2.0786e-05 0 12 1.6666e+05 3.4641
31.221 4.8939e-05 1.7302e-05 0 8 1.6347e+05 2.8284
31.899 6.6849e-05 2.0156e-05 0 11 1.6455e+05 3.3166
32.591 4.1599e-05 1.5723e-05 0 7 1.6827e+05 2.6458
33.277 9.9439e-05 2.4118e-05 0 17 1.7096e+05 4.1231
33.961 9.1631e-05 2.2908e-05 0 16 1.7461e+05 4
34.643 0.00015111 2.9634e-05 0 26 1.7206e+05 5.099
35.329 0.00018035 3.2927e-05 0 30 1.6634e+05 5.4772
36.02 0.00017585 3.3233e-05 0 28 1.5922e+05 5.2915
36.699 0.00022583 3.8173e-05 0 35 1.5498e+05 5.9161
37.388 0.00023878 3.9797e-05 0 36 1.5076e+05 6
38.074 0.00026873 4.1968e-05 0 41 1.5257e+05 6.4031
38.756 0.00053737 5.8984e-05 0 83 1.5446e+05 9.1104
39.452 0.00061459 6.2083e-05 0 98 1.5946e+05 9.8995
40.128 0.00066929 6.3814e-05 0 110 1.6435e+05 10.488
40.821 0.00062856 6.0483e-05 0 108 1.7182e+05 10.392
41.502 0.00049871 5.2863e-05 0 89 1.7846e+05 9.434
42.188 0.00039999 4.6815e-05 0 73 1.8250e+05 8.544
42.869 0.00023441 3.5747e-05 0 43 1.8344e+05 6.5574
43.555 0.00015956 2.9629e-05 0 29 1.8176e+05 5.3852
44.236 0.00017202 3.0896e-05 0 31 1.8021e+05 5.5678
44.923 0.00011701 2.5534e-05 0 21 1.7947e+05 4.5826
45.604 8.0005e-05 2.1382e-05 0 14 1.7499e+05 3.7417
46.297 7.5204e-05 2.0858e-05 0 13 1.7286e+05 3.6056
46.981 9.8665e-05 2.393e-05 0 17 1.723e+05 4.1231
47.663 7.5993e-05 2.1077e-05 0 13 1.7107e+05 3.6056
48.352 7.447e-05 2.0654e-05 0 13 1.7457e+05 3.6056
49.043 7.8472e-05 2.0972e-05 0 14 1.7841e+05 3.7417
49.729 5.4688e-05 1.7294e-05 0 10 1.8285e+05 3.1623
50.41 4.8576e-05 1.6192e-05 0 9 1.8528e+05 3
51.103 6.9302e-05 1.9221e-05 0 13 1.8758e+05 3.6056
51.777 3.712e-05 1.403e-05 0 7 1.8858e+05 2.6458
52.47 2.6681e-05 1.1932e-05 0 5 1.874e+05 2.2361
53.146 5.3879e-05 1.7038e-05 0 10 1.856e+05 3.1623
53.836 3.268e-05 1.3342e-05 0 6 1.836e+05 2.4495
54.529 2.7469e-05 1.2284e-05 0 5 1.8202e+05 2.2361
55.206 4.3911e-05 1.5525e-05 0 8 1.8218e+05 2.8284
55.896 4.9482e-05 1.6494e-05 0 9 1.8189e+05 3
