-5.7475 1.4561e-05 8.4071e-06 0 3 2.0602e+05 1.7321
-5.0289 8.6268e-06 4.0123e-06 0 4.6228 5.3587e+05 2.1501
-4.3361 1.4287e-05 5.1552e-06 0 7.6806 5.3759e+05 2.7714
-3.6432 1.8967e-05 5.9228e-06 0 10.255 5.4067e+05 3.2023
-2.9503 3.7374e-05 8.2907e-06 0 20.322 5.4374e+05 4.5079
-2.2574 4.9709e-05 9.5776e-06 0 26.938 5.4191e+05 5.1902
-1.5646 0.00010314 1.3791e-05 0 55.932 5.4231e+05 7.4787
-0.87168 0.00019349 1.8867e-05 0 105.18 5.4358e+05 10.256
-0.17881 0.00018759 1.8578e-05 0 101.96 5.435e+05 10.097
0.51407 0.00019166 1.8766e-05 0 104.31 5.4425e+05 10.213
1.2069 0.00013752 1.5978e-05 0 74.075 5.3865e+05 8.6067
1.8998 8.403e-05 1.2504e-05 0 45.16 5.3743e+05 6.7201
2.5927 4.9213e-05 9.5761e-06 0 26.411 5.3666e+05 5.1392
3.2856 3.6349e-05 8.2543e-06 0 19.392 5.3349e+05 4.4036
3.9784 2.7799e-05 7.2335e-06 0 14.769 5.3129e+05 3.8431
4.6713 3.8715e-05 8.5773e-06 0 20.373 5.2623e+05 4.5136
5.3642 3.3133e-05 7.9735e-06 0 17.267 5.2115e+05 4.1554
6.0571 3.7201e-05 8.4899e-06 0 19.2 5.1611e+05 4.3817
6.7499 5.9859e-05 1.059e-05 0 31.95 5.3375e+05 5.6524
7.4428 6.5641e-05 1.0807e-05 0 36.892 5.6203e+05 6.0739
8.1357 0.00010909 1.3968e-05 0 60.996 5.5912e+05 7.81
8.8286 0.0001685 1.7379e-05 0 94.003 5.5787e+05 9.6955
9.5214 0.00020842 1.9334e-05 0 116.2 5.5755e+05 10.78
10.214 0.00022603 2.0098e-05 0 126.49 5.596e+05 11.247
10.907 0.00023374 2.0426e-05 0 130.95 5.6023e+05 11.443
11.6 0.00014473 1.6045e-05 0 81.364 5.6217e+05 9.0202
12.293 0.00012506 1.4912e-05 0 70.337 5.6242e+05 8.3867
12.986 8.5777e-05 1.2345e-05 0 48.281 5.6287e+05 6.9485
13.679 5.038e-05 9.4807e-06 0 28.238 5.605e+05 5.3139
14.372 5.0342e-05 1.205e-05 0 17.453 3.4669e+05 4.1777
15.064 3.9387e-05 1.0656e-05 0 13.661 3.4685e+05 3.6961
15.757 2.5765e-05 8.6317e-06 0 8.9098 3.4581e+05 2.9849
16.45 2.6703e-05 8.7958e-06 0 9.2164 3.4515e+05 3.0358
17.143 3.4287e-05 1.0001e-05 0 11.755 3.4284e+05 3.4286
17.836 2.8501e-05 9.1457e-06 0 9.7111 3.4073e+05 3.1163
18.529 2.1701e-05 7.9896e-06 0 7.3773 3.3996e+05 2.7161
19.222 1.9398e-05 7.5826e-06 0 6.5444 3.3738e+05 2.5582
19.915 1.8359e-05 7.4319e-06 0 6.1022 3.3239e+05 2.4703
20.607 1.099e-05 5.6818e-06 0 3.7412 3.4043e+05 1.9342
21.3 1.5194e-05 6.6505e-06 0 5.2192 3.4352e+05 2.2846
21.993 3.2855e-05 9.773e-06 0 11.302 3.4399e+05 3.3618
22.686 3.2888e-05 9.7787e-06 0 11.311 3.4393e+05 3.3632
23.379 2.3418e-05 8.2657e-06 0 8.027 3.4277e+05 2.8332
24.072 3.0758e-05 9.5155e-06 0 10.448 3.397e+05 3.2324
24.765 2.9123e-05 9.2976e-06 0 9.8113 3.3689e+05 3.1323
25.458 2.7053e-05 8.9874e-06 0 9.0607 3.3492e+05 3.0101
26.15 3.7108e-05 1.0535e-05 0 12.406 3.3432e+05 3.5222
26.843 5.7612e-05 1.3112e-05 0 19.306 3.3511e+05 4.3939
27.536 6.4093e-05 1.3811e-05 0 21.536 3.3601e+05 4.6407
28.229 6.6972e-05 1.4138e-05 0 22.44 3.3507e+05 4.7371
28.922 7.0695e-05 1.4541e-05 0 23.635 3.3433e+05 4.8616
29.615 8.5827e-05 1.6063e-05 0 28.549 3.3264e+05 5.3431
30.308 9.8785e-05 1.7214e-05 0 32.931 3.3336e+05 5.7386
31.001 0.00010769 1.7938e-05 0 36.039 3.3466e+05 6.0032
31.693 0.00011414 1.8457e-05 0 38.247 3.3507e+05 6.1844
32.386 0.00014472 2.0786e-05 0 48.479 3.3498e+05 6.9627
33.079 0.00019366 2.3993e-05 0 65.154 3.3643e+05 8.0718
33.772 0.00026909 2.8296e-05 0 90.436 3.3608e+05 9.5098
34.465 0.00037791 3.3497e-05 0 127.28 3.3681e+05 11.282
35.158 0.00043618 3.6046e-05 0 146.43 3.357e+05 12.101
35.851 0.00040514 3.4738e-05 0 136.02 3.3573e+05 11.663
36.544 0.00035153 3.232e-05 0 118.3 3.3653e+05 10.877
37.236 0.00023626 2.6517e-05 0 79.384 3.36e+05 8.9098
37.929 0.00014748 2.0934e-05 0 49.629 3.3652e+05 7.0448
38.622 8.5935e-05 1.5937e-05 0 29.076 3.3835e+05 5.3923
39.315 6.6873e-05 1.4035e-05 0 22.703 3.3949e+05 4.7647
40.008 5.1268e-05 1.2278e-05 0 17.436 3.4009e+05 4.1756
40.701 3.1404e-05 9.6112e-06 0 10.676 3.3996e+05 3.2675
41.394 4.4597e-05 1.144e-05 0 15.198 3.4078e+05 3.8984
42.087 4.1387e-05 1.1005e-05 0 14.143 3.4172e+05 3.7607
42.779 2.8542e-05 9.1302e-06 0 9.7723 3.4239e+05 3.1261
43.472 2.6179e-05 8.7399e-06 0 8.9721 3.4272e+05 2.9953
44.165 2.628e-05 8.7599e-06 0 9 3.4247e+05 3
44.858 2.9836e-05 9.344e-06 0 10.195 3.4172e+05 3.193
45.551 2.6985e-05 8.9028e-06 0 9.1876 3.4047e+05 3.0311
46.244 1.6421e-05 6.9716e-06 0 5.5482 3.3787e+05 2.3555
46.937 3.0443e-05 1.2579e-05 0 5.8574 1.9241e+05 2.4202
47.631 2.414e-05 1.1335e-05 0 4.5353 1.8787e+05 2.1296
48.324 1.6288e-05 9.4041e-06 0 3 1.8418e+05 1.7321
49.018 2.324e-05 1.1272e-05 0 4.251 1.8292e+05 2.0618
49.712 1.7369e-05 9.8042e-06 0 3.1385 1.807e+05 1.7716
50.406 2.1762e-05 1.1032e-05 0 3.8914 1.7881e+05 1.9727
51.1 2.1019e-05 1.0878e-05 0 3.7339 1.7764e+05 1.9323
51.794 3.8289e-05 1.4631e-05 0 6.8488 1.7887e+05 2.617
52.488 3.6213e-05 1.4253e-05 0 6.4549 1.7825e+05 2.5407
53.182 1.7669e-05 9.9901e-06 0 3.1282 1.7704e+05 1.7687
53.876 1.1428e-05 8.081e-06 0 2 1.75e+05 1.4142
54.57 1.1456e-05 8.1006e-06 0 2 1.7458e+05 1.4142
55.264 3.659e-05 1.4391e-05 0 6.4644 1.7667e+05 2.5425
55.957 7.3876e-05 2.0114e-05 0 13.49 1.826e+05 3.6728
56.651 0.000106 2.379e-05 0 19.852 1.8729e+05 4.4556
57.345 0.00017087 3.0113e-05 0 32.198 1.8844e+05 5.6744
58.039 0.00031979 4.1339e-05 0 59.841 1.8713e+05 7.7357
58.733 0.00048709 5.1293e-05 0 90.18 1.8514e+05 9.4963
59.427 0.00064183 5.9431e-05 0 116.63 1.8172e+05 10.8
60.121 0.00073563 6.4404e-05 0 130.46 1.7735e+05 11.422
60.815 0.000573 5.7381e-05 0 99.718 1.7403e+05 9.9859
61.509 0.00038858 4.7303e-05 0 67.482 1.7366e+05 8.2147
62.203 0.00026001 3.8533e-05 0 45.532 1.7512e+05 6.7478
62.897 0.00013713 2.7943e-05 0 24.086 1.7564e+05 4.9077
63.591 6.2476e-05 1.8787e-05 0 11.059 1.7701e+05 3.3255
64.284 3.7771e-05 1.461e-05 0 6.6837 1.7695e+05 2.5853
64.978 3.7687e-05 1.461e-05 0 6.6535 1.7655e+05 2.5794
65.672 3.5492e-05 1.4092e-05 0 6.343 1.7872e+05 2.5185
66.366 2.9215e-05 1.2628e-05 0 5.3524 1.8321e+05 2.3135
67.06 1.986e-05 1.0305e-05 0 3.7142 1.8702e+05 1.9272
67.754 1.9254e-05 1.007e-05 0 3.6562 1.8989e+05 1.9121
68.448 2.0721e-05 1.0361e-05 0 4 1.9304e+05 2
69.142 2.3934e-05 1.1075e-05 0 4.6706 1.9514e+05 2.1612
69.836 4.6162e-05 1.5385e-05 0 9.0023 1.9501e+05 3.0004
70.53 3.5895e-05 1.3589e-05 0 6.9773 1.9438e+05 2.6415
71.224 1.8819e-05 9.8238e-06 0 3.6697 1.95e+05 1.9156
71.917 1.8688e-05 9.7718e-06 0 3.6574 1.9571e+05 1.9124
72.611 2.0397e-05 1.0198e-05 0 4 1.9611e+05 2
73.305 1.3618e-05 8.3404e-06 0 2.6658 1.9576e+05 1.6327
73.999 1.3647e-05 8.3493e-06 0 2.6716 1.9576e+05 1.6345
74.693 1.1854e-05 7.7754e-06 0 2.3241 1.9607e+05 1.5245
75.387 3.0985e-05 1.2587e-05 0 6.0593 1.9556e+05 2.4616
