-4.7762 1.4468e-05 8.3534e-06 0 3 2.0735e+05 1.7321
-4.083 4.4072e-06 3.3808e-06 0 1.6993 3.8559e+05 1.3036
-3.4004 7.3372e-06 4.3876e-06 0 2.7964 3.8112e+05 1.6722
-2.7179 9.6479e-06 5.0444e-06 0 3.658 3.7915e+05 1.9126
-2.0354 2.5235e-05 8.1804e-06 0 9.5156 3.7709e+05 3.0847
-1.3528 3.5479e-05 9.8007e-06 0 13.105 3.6936e+05 3.62
-0.67032 4.7902e-05 1.147e-05 0 17.442 3.6411e+05 4.1763
0.012218 6.701e-05 1.372e-05 0 23.855 3.5599e+05 4.8842
0.69475 4.7958e-05 1.1375e-05 0 17.775 3.7064e+05 4.2161
1.3773 2.4774e-05 8.0547e-06 0 9.4601 3.8185e+05 3.0757
2.0598 8.6229e-06 4.7584e-06 0 3.2838 3.8082e+05 1.8121
2.7424 7.9081e-06 4.5657e-06 0 3 3.7936e+05 1.7321
3.4249 4.4407e-06 3.4286e-06 0 1.6775 3.7775e+05 1.2952
4.1074 4.406e-06 3.4279e-06 0 1.6522 3.7497e+05 1.2854
4.79 9.9081e-06 5.1427e-06 0 3.712 3.7464e+05 1.9266
5.4725 6.7977e-06 4.2736e-06 0 2.5301 3.722e+05 1.5906
6.155 6.5258e-06 4.1883e-06 0 2.4277 3.7201e+05 1.5581
6.8376 2.5699e-06 2.628e-06 0 0.95624 3.721e+05 0.97788
7.5201 4.2709e-06 3.3883e-06 0 1.5889 3.7201e+05 1.2605
8.2026 1.2831e-06 1.8607e-06 0 0.47553 3.7062e+05 0.68959
8.8852 1.6259e-06 2.096e-06 0 0.60168 3.7007e+05 0.77568
9.5677 4.6414e-06 3.5323e-06 0 1.7266 3.7199e+05 1.314
10.25 1.8744e-06 2.2392e-06 0 0.70073 3.7383e+05 0.83709
10.933 3.4006e-06 3.0077e-06 0 1.2783 3.7592e+05 1.1306
11.615 7.0716e-06 4.3274e-06 0 2.6704 3.7763e+05 1.6341
12.298 6.1894e-06 4.0382e-06 0 2.3493 3.7956e+05 1.5327
12.98 3.5776e-06 3.061e-06 0 1.366 3.8182e+05 1.1688
13.663 2.8283e-06 2.717e-06 0 1.0836 3.8313e+05 1.041
14.345 5.3657e-06 3.7351e-06 0 2.0637 3.8461e+05 1.4366
15.028 5.0426e-06 3.6114e-06 0 1.9496 3.8663e+05 1.3963
15.71 5.4775e-06 3.758e-06 0 2.1245 3.8785e+05 1.4576
16.393 4.8848e-06 3.5519e-06 0 1.8914 3.872e+05 1.3753
17.076 8.0259e-06 4.5585e-06 0 3.0998 3.8623e+05 1.7606
17.758 7.676e-06 4.4692e-06 0 2.9499 3.843e+05 1.7175
18.441 3.9073e-06 3.1933e-06 0 1.4972 3.8318e+05 1.2236
19.123 3.9856e-06 3.2233e-06 0 1.5289 3.8361e+05 1.2365
19.806 3.8313e-06 3.1519e-06 0 1.4775 3.8565e+05 1.2155
20.488 7.5358e-06 4.3983e-06 0 2.9355 3.8954e+05 1.7133
21.171 7.8254e-06 4.4775e-06 0 3.0545 3.9033e+05 1.7477
21.853 3.0725e-06 2.8118e-06 0 1.194 3.8861e+05 1.0927
22.536 2.3588e-06 2.4668e-06 0 0.91438 3.8764e+05 0.95623
23.218 6.8036e-06 4.1813e-06 0 2.6477 3.8916e+05 1.6272
23.901 7.3244e-06 4.335e-06 0 2.8548 3.8976e+05 1.6896
24.583 3.9819e-06 3.1999e-06 0 1.5485 3.8887e+05 1.2444
25.266 4.8156e-06 3.5198e-06 0 1.8718 3.887e+05 1.3681
25.948 4.0799e-06 3.2475e-06 0 1.5784 3.8687e+05 1.2563
26.631 3.3275e-06 2.9404e-06 0 1.2806 3.8485e+05 1.1316
27.314 7.4058e-06 4.4036e-06 0 2.8283 3.8191e+05 1.6818
27.996 8.1848e-06 4.6505e-06 0 3.0975 3.7845e+05 1.76
28.679 3.4204e-06 3.0159e-06 0 1.2862 3.7604e+05 1.1341
29.361 1.277e-05 5.8528e-06 0 4.7603 3.7278e+05 2.1818
30.044 1.8489e-05 7.0566e-06 0 6.8648 3.7129e+05 2.6201
30.726 1.3454e-05 6.0009e-06 0 5.0267 3.7362e+05 2.242
31.409 1.0198e-05 5.2034e-06 0 3.8414 3.7666e+05 1.9599
32.091 1.1247e-05 5.4487e-06 0 4.2605 3.7882e+05 2.0641
32.774 1.9762e-05 7.2175e-06 0 7.4968 3.7936e+05 2.738
33.456 2.1492e-05 7.5261e-06 0 8.1551 3.7944e+05 2.8557
34.139 2.5527e-05 8.1945e-06 0 9.7045 3.8016e+05 3.1152
34.821 3.8223e-05 1.0047e-05 0 14.473 3.7865e+05 3.8043
35.504 5.0585e-05 1.1554e-05 0 19.166 3.789e+05 4.378
36.186 4.693e-05 1.1163e-05 0 17.673 3.7658e+05 4.2039
36.869 5.4937e-05 1.2141e-05 0 20.476 3.7273e+05 4.5251
37.552 8.0754e-05 1.4835e-05 0 29.633 3.6696e+05 5.4437
38.234 7.7967e-05 1.463e-05 0 28.4 3.6426e+05 5.3292
38.917 7.1087e-05 1.3945e-05 0 25.986 3.6555e+05 5.0976
39.599 6.839e-05 1.3609e-05 0 25.253 3.6925e+05 5.0252
40.282 9.0366e-05 1.5541e-05 0 33.812 3.7416e+05 5.8148
40.964 8.7128e-05 1.5251e-05 0 32.639 3.7461e+05 5.713
41.647 0.00011187 1.7316e-05 0 41.738 3.731e+05 6.4605
42.329 0.0001143 1.757e-05 0 42.32 3.7026e+05 6.5054
43.012 0.00011678 1.7861e-05 0 42.751 3.6608e+05 6.5384
43.694 8.515e-05 1.5345e-05 0 30.79 3.616e+05 5.5489
44.377 6.0404e-05 1.2927e-05 0 21.836 3.6149e+05 4.6729
45.059 5.3011e-05 1.2211e-05 0 18.845 3.555e+05 4.3411
45.742 3.8584e-05 1.0532e-05 0 13.422 3.4785e+05 3.6635
46.424 2.0456e-05 7.7296e-06 0 7.0036 3.4238e+05 2.6464
47.107 2.9736e-05 9.4269e-06 0 9.9501 3.3461e+05 3.1544
47.79 2.8042e-05 9.2326e-06 0 9.2249 3.2897e+05 3.0373
48.472 1.5983e-05 7.0051e-06 0 5.2056 3.257e+05 2.2816
49.155 2.3874e-05 8.5658e-06 0 7.7682 3.2538e+05 2.7872
49.837 1.1598e-05 5.9752e-06 0 3.7677 3.2485e+05 1.9411
50.52 1.5982e-05 7.0029e-06 0 5.2082 3.2588e+05 2.2821
51.202 2.7294e-05 9.1085e-06 0 8.9792 3.2898e+05 2.9965
51.885 2.4219e-05 8.5274e-06 0 8.0666 3.3306e+05 2.8402
52.567 1.2637e-05 6.0834e-06 0 4.3153 3.4148e+05 2.0773
53.25 9.8674e-06 5.2318e-06 0 3.5572 3.605e+05 1.8861
53.932 8.87e-06 4.6918e-06 0 3.5741 4.0295e+05 1.8905
54.615 7.9353e-06 4.4236e-06 0 3.2178 4.0551e+05 1.7938
55.297 1.5609e-05 6.215e-06 0 6.308 4.0412e+05 2.5116
55.98 2.3505e-05 1.1211e-05 0 4.3959 1.8702e+05 2.0966
56.673 2.2538e-05 1.1015e-05 0 4.1867 1.8576e+05 2.0461
57.366 9.6713e-06 7.2461e-06 0 1.7814 1.8419e+05 1.3347
58.06 5.4461e-06 5.4461e-06 0 1 1.8362e+05 1
58.753 1.211e-05 8.1373e-06 0 2.2148 1.8289e+05 1.4882
59.446 1.2927e-05 8.3678e-06 0 2.3866 1.8462e+05 1.5449
60.139 2.6937e-05 1.1982e-05 0 5.054 1.8762e+05 2.2481
60.832 3.7124e-05 1.4032e-05 0 7 1.8856e+05 2.6458
61.525 4.0743e-05 1.477e-05 0 7.6098 1.8677e+05 2.7586
62.219 5.3476e-05 1.7034e-05 0 9.8558 1.843e+05 3.1394
62.912 6.7537e-05 1.9308e-05 0 12.236 1.8117e+05 3.4979
63.605 9.3264e-05 2.2814e-05 0 16.712 1.7919e+05 4.0881
64.298 0.00012702 2.6647e-05 0 22.721 1.7889e+05 4.7667
64.991 0.00011283 2.5193e-05 0 20.057 1.7777e+05 4.4785
65.685 8.5936e-05 2.2082e-05 0 15.146 1.7624e+05 3.8917
66.378 6.9965e-05 2.0095e-05 0 12.122 1.7326e+05 3.4817
67.071 6.8566e-05 2.011e-05 0 11.625 1.6954e+05 3.4095
67.764 4.2183e-05 1.5898e-05 0 7.0399 1.6689e+05 2.6533
68.457 3.1252e-05 1.3634e-05 0 5.2541 1.6812e+05 2.2922
69.15 1.2728e-05 8.6039e-06 0 2.1884 1.7194e+05 1.4793
69.844 1.0828e-05 7.8559e-06 0 1.8999 1.7546e+05 1.3784
70.537 9.7917e-06 7.4424e-06 0 1.7309 1.7678e+05 1.3157
71.23 9.1456e-06 7.1377e-06 0 1.6418 1.7951e+05 1.2813
71.923 1.7872e-05 9.8728e-06 0 3.2768 1.8335e+05 1.8102
72.616 3.841e-05 1.4335e-05 0 7.1791 1.8691e+05 2.6794
73.31 3.0769e-05 1.2793e-05 0 5.7842 1.8799e+05 2.405
74.003 2.1225e-05 1.0612e-05 0 4 1.8846e+05 2
74.696 1.4424e-05 8.7722e-06 0 2.7038 1.8745e+05 1.6443
75.389 1.7617e-05 9.6807e-06 0 3.3117 1.8798e+05 1.8198
76.082 7.4305e-06 6.2926e-06 0 1.3944 1.8766e+05 1.1808
