-5.8932 0.0012578 8.2755e-05 0 231 1.8366e+05 15.199
-5.2852 0.0014074 8.6951e-05 0 262 1.8616e+05 16.186
-4.6063 0.0020558 0.00010477 0 385 1.8728e+05 19.621
-3.9126 0.0027779 0.00012135 0 524 1.8863e+05 22.891
-3.2261 0.0042634 0.00015008 0 807 1.8929e+05 28.408
-2.5399 0.0064174 0.00018343 0 1224 1.9073e+05 34.986
-1.8561 0.011158 0.00024119 0 2140 1.918e+05 46.26
-1.1773 0.019024 0.00031545 0 3637 1.9118e+05 60.308
-0.48407 0.025143 0.0003628 0 4803 1.9103e+05 69.304
0.21441 0.026182 0.00037071 0 4988 1.9051e+05 70.626
0.89099 0.023693 0.00035229 0 4523 1.909e+05 67.253
1.5842 0.021769 0.00033764 0 4157 1.9096e+05 64.475
2.2612 0.020096 0.00032506 0 3822 1.9019e+05 61.822
2.9538 0.019424 0.00031989 0 3687 1.8982e+05 60.721
3.6423 0.017018 0.00029958 0 3227 1.8962e+05 56.807
4.3287 0.013632 0.00026786 0 2590 1.9e+05 50.892
5.015 0.0091616 0.00022001 0 1734 1.8927e+05 41.641
5.6999 0.0058614 0.00017641 0 1104 1.8835e+05 33.226
6.385 0.0039617 0.00014447 0 752 1.8982e+05 27.423
7.0732 0.0023623 0.00011148 0 449 1.9007e+05 21.19
7.7558 0.001807 9.7426e-05 0 344 1.9037e+05 18.547
8.4502 0.0012747 8.1775e-05 0 243 1.9063e+05 15.588
9.1262 0.0010495 7.4209e-05 0 200 1.9057e+05 14.142
9.8198 0.00081912 6.5582e-05 0 156 1.9045e+05 12.49
10.497 0.0006846 6.0043e-05 0 130 1.8989e+05 11.402
11.19 0.00064491 5.815e-05 0 123 1.9072e+05 11.091
11.888 0.00052604 5.2604e-05 0 100 1.901e+05 10
12.566 0.00047457 5.0024e-05 0 90 1.8965e+05 9.4868
13.259 0.00034872 4.2925e-05 0 66 1.8926e+05 8.124
13.933 0.00034354 4.2942e-05 0 64 1.863e+05 8
14.626 0.00027768 3.8508e-05 0 52 1.8726e+05 7.2111
15.304 0.00031405 4.0886e-05 0 59 1.8787e+05 7.6811
15.985 0.00031161 4.0568e-05 0 59 1.8934e+05 7.6811
16.681 0.00017071 3.0177e-05 0 32 1.8746e+05 5.6569
17.371 0.00026794 3.8277e-05 0 49 1.8288e+05 7
18.054 0.00018279 3.182e-05 0 33 1.8053e+05 5.7446
18.741 0.00011665 2.5455e-05 0 21 1.8003e+05 4.5826
19.43 0.00013375 2.7302e-05 0 24 1.7943e+05 4.899
20.119 0.00010745 2.4651e-05 0 19 1.7682e+05 4.3589
20.793 0.00013849 2.7698e-05 0 25 1.8052e+05 5
21.483 7.1041e-05 1.9703e-05 0 13 1.8299e+05 3.6056
22.163 7.1465e-05 1.9821e-05 0 13 1.8191e+05 3.6056
22.855 6.5811e-05 1.8998e-05 0 12 1.8234e+05 3.4641
23.534 0.00013295 2.7139e-05 0 24 1.8051e+05 4.899
24.224 6.736e-05 1.9445e-05 0 12 1.7815e+05 3.4641
24.921 9.6605e-05 2.343e-05 0 17 1.7597e+05 4.1231
25.597 9.6978e-05 2.3521e-05 0 17 1.753e+05 4.1231
26.286 6.2128e-05 1.8732e-05 0 11 1.7705e+05 3.3166
26.974 9.5629e-05 2.3193e-05 0 17 1.7777e+05 4.1231
27.657 6.3759e-05 1.9224e-05 0 11 1.7253e+05 3.3166
28.349 4.1946e-05 1.5854e-05 0 7 1.6688e+05 2.6458
29.025 6.0003e-05 1.8975e-05 0 10 1.6666e+05 3.1623
29.714 6.7291e-05 2.0289e-05 0 11 1.6347e+05 3.3166
30.392 0.00010331 2.5057e-05 0 17 1.6455e+05 4.1231
31.085 7.7256e-05 2.1427e-05 0 13 1.6827e+05 3.6056
31.771 5.2644e-05 1.7548e-05 0 9 1.7096e+05 3
32.454 7.445e-05 2.0649e-05 0 13 1.7461e+05 3.6056
33.138 4.6494e-05 1.6438e-05 0 8 1.7206e+05 2.8284
33.823 3.0058e-05 1.3442e-05 0 5 1.6634e+05 2.2361
34.515 5.0244e-05 1.7764e-05 0 8 1.5922e+05 2.8284
35.194 5.1619e-05 1.825e-05 0 8 1.5498e+05 2.8284
35.884 3.3164e-05 1.4831e-05 0 5 1.5076e+05 2.2361
36.568 3.9326e-05 1.6055e-05 0 6 1.5257e+05 2.4495
37.252 3.8846e-05 1.5859e-05 0 6 1.5446e+05 2.4495
37.948 4.39e-05 1.6592e-05 0 7 1.5946e+05 2.6458
38.623 1.8253e-05 1.0539e-05 0 3 1.6435e+05 1.7321
39.314 2.328e-05 1.164e-05 0 4 1.7182e+05 2
39.994 3.9224e-05 1.4825e-05 0 7 1.7846e+05 2.6458
40.679 3.8355e-05 1.4497e-05 0 7 1.8250e+05 2.6458
41.361 1.6354e-05 9.4421e-06 0 3 1.8344e+05 1.7321
42.045 1.1004e-05 7.7809e-06 0 2 1.8176e+05 1.4142
42.726 2.2196e-05 1.1098e-05 0 4 1.8021e+05 2
43.413 3.3431e-05 1.3648e-05 0 6 1.7947e+05 2.4495
44.092 1.7144e-05 9.8981e-06 0 3 1.7499e+05 1.7321
44.786 2.314e-05 1.157e-05 0 4 1.7286e+05 2
45.469 1.7411e-05 1.0053e-05 0 3 1.723e+05 1.7321
46.152 1.1691e-05 8.2669e-06 0 2 1.7107e+05 1.4142
46.838 1.1457e-05 8.1013e-06 0 2 1.7457e+05 1.4142
47.529 5.6051e-06 5.6051e-06 0 1 1.7841e+05 1
48.213 2.7344e-05 1.2229e-05 0 5 1.8285e+05 2.2361
48.896 3.2384e-05 1.3221e-05 0 6 1.8528e+05 2.4495
49.589 3.1986e-05 1.3058e-05 0 6 1.8758e+05 2.4495
50.265 2.6514e-05 1.1858e-05 0 5 1.8858e+05 2.2361
50.959 1.0672e-05 7.5465e-06 0 2 1.874e+05 1.4142
51.634 1.0776e-05 7.6196e-06 0 2 1.856e+05 1.4142
52.323 2.1787e-05 1.0893e-05 0 4 1.836e+05 2
53.014 5.4938e-06 5.4938e-06 0 1 1.8202e+05 1
53.689 5.4889e-06 5.4889e-06 0 1 1.8218e+05 1
54.379 1.0996e-05 7.7753e-06 0 2 1.8189e+05 1.4142
