-4.956 1.4672e-05 1.0375e-05 0 2 1.3631e+05 1.4142
-4.2625 1.939e-05 6.1064e-06 0 10.083 5.2002e+05 3.1754
-3.5691 2.3588e-05 6.6167e-06 0 12.708 5.3876e+05 3.5648
-2.8757 2.9903e-05 7.4539e-06 0 16.094 5.3821e+05 4.0117
-2.1822 4.9811e-05 9.6418e-06 0 26.689 5.358e+05 5.1661
-1.4888 8.9062e-05 1.2901e-05 0 47.656 5.3509e+05 6.9033
-0.79539 0.0001679 1.7755e-05 0 89.421 5.3258e+05 9.4563
-0.10196 0.00021556 2.0164e-05 0 114.28 5.3018e+05 10.69
0.59147 0.00018249 1.8612e-05 0 96.141 5.2683e+05 9.8052
1.2849 0.00013599 1.6132e-05 0 71.06 5.2254e+05 8.4297
1.9783 8.4557e-05 1.2786e-05 0 43.736 5.1724e+05 6.6133
2.6718 3.477e-05 8.224e-06 0 17.875 5.1409e+05 4.2279
3.3652 2.3949e-05 6.6757e-06 0 12.87 5.3738e+05 3.5874
4.0586 1.5955e-05 5.4525e-06 0 8.5628 5.3668e+05 2.9262
4.752 1.755e-05 5.7296e-06 0 9.3821 5.3459e+05 3.063
5.4455 2.755e-05 7.1901e-06 0 14.682 5.3291e+05 3.8317
6.1389 1.8274e-05 5.8665e-06 0 9.7037 5.31e+05 3.1151
6.8323 1.2995e-05 4.964e-06 0 6.8532 5.2737e+05 2.6179
7.5258 1.2236e-05 4.8284e-06 0 6.4217 5.2483e+05 2.5341
8.2192 1.1813e-05 4.7524e-06 0 6.1782 5.2302e+05 2.4856
8.9126 1.9262e-05 6.1058e-06 0 9.9526 5.1668e+05 3.1548
9.606 1.5735e-05 5.5794e-06 0 7.9535 5.0547e+05 2.8202
10.299 1.0404e-05 4.4867e-06 0 5.3774 5.1685e+05 2.3189
10.993 1.4565e-05 5.2417e-06 0 7.721 5.3011e+05 2.7787
11.686 7.4032e-06 3.742e-06 0 3.9141 5.2871e+05 1.9784
12.38 6.4403e-06 3.5035e-06 0 3.3792 5.247e+05 1.8383
13.073 4.2448e-06 2.8509e-06 0 2.2169 5.2227e+05 1.4889
13.767 1.6596e-05 5.6673e-06 0 8.5752 5.1671e+05 2.9283
14.46 1.0596e-05 4.5536e-06 0 5.4148 5.1102e+05 2.327
15.153 5.0601e-06 3.1577e-06 0 2.5678 5.0746e+05 1.6024
15.847 5.9896e-06 3.4581e-06 0 3 5.0087e+05 1.7321
16.54 6.3087e-06 3.5741e-06 0 3.1156 4.9386e+05 1.7651
17.234 1.0986e-05 4.7303e-06 0 5.3939 4.9098e+05 2.3225
17.927 1.1079e-05 4.7754e-06 0 5.3829 4.8584e+05 2.3201
18.621 1.1078e-05 4.7831e-06 0 5.3646 4.8424e+05 2.3162
19.314 9.0992e-06 4.3527e-06 0 4.3701 4.8027e+05 2.0905
20.007 1.3e-05 5.1951e-06 0 6.2619 4.8168e+05 2.5024
20.701 1.0579e-05 4.7211e-06 0 5.0207 4.7461e+05 2.2407
21.394 8.9085e-06 4.2652e-06 0 4.3624 4.8969e+05 2.0886
22.088 7.251e-06 3.8516e-06 0 3.5441 4.8877e+05 1.8826
22.781 9.2216e-06 4.3602e-06 0 4.4729 4.8505e+05 2.1149
23.475 1.2622e-05 5.1037e-06 0 6.1158 4.8455e+05 2.473
24.168 1.4267e-05 5.4277e-06 0 6.9091 4.8428e+05 2.6285
24.861 2.2643e-05 6.827e-06 0 11 4.8581e+05 3.3166
25.555 2.5e-05 7.1495e-06 0 12.228 4.891e+05 3.4968
26.248 1.7133e-05 5.9383e-06 0 8.324 4.8585e+05 2.8851
26.942 1.8466e-05 6.182e-06 0 8.922 4.8317e+05 2.987
27.635 2.1756e-05 6.7102e-06 0 10.512 4.8317e+05 3.2422
28.329 2.3341e-05 6.9297e-06 0 11.345 4.8605e+05 3.3682
29.022 2.2664e-05 6.678e-06 0 11.518 5.0821e+05 3.3938
29.715 3.0043e-05 7.675e-06 0 15.323 5.1003e+05 3.9144
30.409 3.9433e-05 8.7746e-06 0 20.196 5.1217e+05 4.494
31.102 2.9408e-05 9.6048e-06 0 9.375 3.1879e+05 3.0619
31.796 3.3242e-05 1.0231e-05 0 10.558 3.1761e+05 3.2493
32.489 4.6122e-05 1.2062e-05 0 14.62 3.1699e+05 3.8236
33.183 3.0408e-05 9.8436e-06 0 9.5427 3.1382e+05 3.0891
33.876 7.7175e-05 1.5707e-05 0 24.142 3.1283e+05 4.9135
34.569 6.5222e-05 1.4477e-05 0 20.297 3.112e+05 4.5053
35.263 7.7684e-05 1.5787e-05 0 24.213 3.1169e+05 4.9207
35.956 9.1908e-05 1.7217e-05 0 28.497 3.1006e+05 5.3383
36.65 0.00012901 2.046e-05 0 39.762 3.0821e+05 6.3057
37.343 0.00014438 2.1684e-05 0 44.333 3.0706e+05 6.6583
38.037 0.00016858 2.3456e-05 0 51.651 3.064e+05 7.1869
38.73 0.00021124 2.6323e-05 0 64.398 3.0485e+05 8.0248
39.423 0.00034642 3.3803e-05 0 105.03 3.0318e+05 10.248
40.117 0.0003878 3.5776e-05 0 117.5 3.0299e+05 10.84
40.81 0.0004425 3.8466e-05 0 132.34 2.9906e+05 11.504
41.504 0.00051082 4.1554e-05 0 151.12 2.9583e+05 12.293
42.197 0.0004009 3.5675e-05 0 126.28 3.1499e+05 11.237
42.891 0.00035137 3.3235e-05 0 111.77 3.1811e+05 10.572
43.584 0.00038695 3.4976e-05 0 122.4 3.1631e+05 11.063
44.277 0.00032058 3.1876e-05 0 101.15 3.1551e+05 10.057
44.971 0.00029395 3.0523e-05 0 92.746 3.1551e+05 9.6305
45.664 0.00028543 3.0153e-05 0 89.608 3.1394e+05 9.4662
46.358 0.00026996 2.9378e-05 0 84.438 3.1278e+05 9.189
47.051 0.00031736 3.186e-05 0 99.221 3.1264e+05 9.961
47.745 0.00032691 3.2513e-05 0 101.1 3.0925e+05 10.055
48.438 0.00024599 2.8316e-05 0 75.473 3.0681e+05 8.6875
49.131 0.00022081 2.6858e-05 0 67.593 3.0611e+05 8.2215
49.825 0.00016379 2.3157e-05 0 50.027 3.0544e+05 7.073
50.518 0.00013918 2.152e-05 0 41.831 3.0055e+05 6.4677
51.212 0.00014499 2.1875e-05 0 43.931 3.0299e+05 6.6281
51.905 9.2923e-05 1.7531e-05 0 28.096 3.0235e+05 5.3005
52.599 8.3331e-05 1.6561e-05 0 25.318 3.0382e+05 5.0317
53.292 6.9628e-05 1.5067e-05 0 21.355 3.067e+05 4.6212
53.985 5.809e-05 1.3782e-05 0 17.766 3.0583e+05 4.2149
54.679 6.9687e-05 1.5036e-05 0 21.479 3.0823e+05 4.6346
55.372 6.8159e-05 1.487e-05 0 21.01 3.0826e+05 4.5837
56.066 7.9777e-05 1.6086e-05 0 24.595 3.083e+05 4.9593
56.759 6.2505e-05 1.4299e-05 0 19.109 3.0572e+05 4.3714
57.453 4.0154e-05 1.1533e-05 0 12.122 3.0188e+05 3.4816
58.146 5.7068e-05 1.3816e-05 0 17.061 2.9895e+05 4.1304
58.839 5.5151e-05 1.3618e-05 0 16.403 2.9741e+05 4.05
59.533 5.1661e-05 1.3244e-05 0 15.215 2.9451e+05 3.9006
60.226 6.2005e-05 1.4118e-05 0 19.288 3.1107e+05 4.3918
60.92 9.3142e-05 1.7141e-05 0 29.528 3.1702e+05 5.434
61.613 0.00011433 1.897e-05 0 36.325 3.1772e+05 6.027
62.307 0.0001202 1.9384e-05 0 38.451 3.1989e+05 6.2009
63 0.00019595 2.4752e-05 0 62.673 3.1984e+05 7.9167
63.693 0.00026354 2.872e-05 0 84.198 3.1949e+05 9.176
64.387 0.00036423 3.3777e-05 0 116.28 3.1925e+05 10.783
65.08 0.00050184 3.9614e-05 0 160.49 3.198e+05 12.668
65.774 0.00053154 4.0748e-05 0 170.16 3.2013e+05 13.045
66.467 0.00045874 3.7819e-05 0 147.13 3.2073e+05 12.13
67.161 0.00031287 3.1231e-05 0 100.36 3.2077e+05 10.018
67.854 0.00021194 2.5523e-05 0 68.959 3.2536e+05 8.3041
68.547 0.00014189 2.0664e-05 0 47.15 3.3229e+05 6.8666
69.241 9.2465e-05 1.66e-05 0 31.025 3.3554e+05 5.57
69.934 7.7208e-05 1.513e-05 0 26.04 3.3727e+05 5.103
70.628 6.7713e-05 1.4152e-05 0 22.894 3.3811e+05 4.7848
71.321 7.9685e-05 1.5311e-05 0 27.087 3.3993e+05 5.2045
72.015 7.6979e-05 1.5025e-05 0 26.247 3.4097e+05 5.1232
72.708 0.00010503 1.7551e-05 0 35.814 3.4098e+05 5.9845
73.401 9.2051e-05 1.6394e-05 0 31.529 3.4252e+05 5.6151
74.095 7.2943e-05 1.4588e-05 0 25.002 3.4276e+05 5.0002
74.788 6.2471e-05 1.3489e-05 0 21.448 3.4333e+05 4.6312
75.482 4.8305e-05 1.1902e-05 0 16.471 3.4097e+05 4.0584
76.175 3.9649e-05 1.0812e-05 0 13.447 3.3915e+05 3.667
