-4.7535 3.0689e-05 1.2529e-05 0 6 1.9551e+05 2.4495
-4.0471 6.3252e-05 1.3578e-05 0 21.702 3.431e+05 4.6585
-3.3613 6.1113e-05 1.3216e-05 0 21.383 3.4989e+05 4.6242
-2.6754 0.00011054 1.7612e-05 0 39.396 3.5639e+05 6.2767
-1.9896 0.00021949 2.4664e-05 0 79.195 3.6082e+05 8.8992
-1.3037 0.00033809 2.8647e-05 0 139.28 4.1197e+05 11.802
-0.61787 0.00052553 3.5242e-05 0 222.37 4.2313e+05 14.912
0.067986 0.00060912 3.7794e-05 0 259.75 4.2643e+05 16.117
0.75384 0.00043542 3.1869e-05 0 186.67 4.2871e+05 13.663
1.4397 0.00030757 2.6762e-05 0 132.08 4.2944e+05 11.493
2.1255 0.00018054 2.0538e-05 0 77.274 4.2801e+05 8.7906
2.8114 0.00010585 1.5799e-05 0 44.887 4.2407e+05 6.6997
3.4972 7.0569e-05 1.2989e-05 0 29.516 4.1826e+05 5.4329
4.1831 7.0107e-05 1.3046e-05 0 28.88 4.1194e+05 5.374
4.869 5.2486e-05 1.1381e-05 0 21.266 4.0518e+05 4.6115
5.5548 5.2257e-05 1.1407e-05 0 20.988 4.0163e+05 4.5813
6.2407 6.4926e-05 1.2754e-05 0 25.915 3.9915e+05 5.0907
6.9265 3.8998e-05 9.8993e-06 0 15.52 3.9796e+05 3.9395
7.6124 3.7357e-05 9.6507e-06 0 14.984 4.011e+05 3.8709
8.2982 4.0076e-05 9.9916e-06 0 16.088 4.0143e+05 4.0109
8.9841 5.4433e-05 1.1746e-05 0 21.477 3.9456e+05 4.6343
9.6699 3.0864e-05 8.9429e-06 0 11.911 3.8592e+05 3.4512
10.356 2.2984e-05 7.7628e-06 0 8.766 3.814e+05 2.9607
11.042 4.8145e-05 1.1366e-05 0 17.942 3.7267e+05 4.2358
11.727 1.8845e-05 7.1138e-06 0 7.0175 3.7238e+05 2.649
12.413 1.0855e-05 5.413e-06 0 4.0217 3.7048e+05 2.0054
13.099 1.4828e-05 6.3034e-06 0 5.5338 3.732e+05 2.3524
13.785 2.4441e-05 8.0752e-06 0 9.161 3.7482e+05 3.0267
14.471 2.1129e-05 7.538e-06 0 7.8571 3.7186e+05 2.8031
15.157 1.4306e-05 6.243e-06 0 5.2514 3.6707e+05 2.2916
15.843 2.644e-05 8.5542e-06 0 9.5535 3.6133e+05 3.0909
16.528 1.49e-05 8.2381e-06 0 3.2713 2.1955e+05 1.8087
17.214 2.6698e-05 1.0998e-05 0 5.8933 2.2074e+05 2.4276
17.9 2.2913e-05 1.0194e-05 0 5.0517 2.2048e+05 2.2476
18.586 9.8452e-06 6.6747e-06 0 2.1756 2.2099e+05 1.475
19.272 9.0732e-06 6.4157e-06 0 2 2.2043e+05 1.4142
19.958 2.1732e-05 9.9034e-06 0 4.8154 2.2158e+05 2.1944
20.644 1.0031e-05 6.7381e-06 0 2.2164 2.2095e+05 1.4887
21.329 2.155e-05 9.8749e-06 0 4.7623 2.2099e+05 2.1823
22.015 2.6853e-05 1.1026e-05 0 5.9312 2.2088e+05 2.4354
22.701 1.4701e-05 8.1734e-06 0 3.235 2.2006e+05 1.7986
23.387 2.6276e-05 1.0931e-05 0 5.7784 2.1991e+05 2.4038
24.073 1.4836e-05 8.239e-06 0 3.2426 2.1856e+05 1.8007
24.759 2.6586e-05 1.1061e-05 0 5.777 2.1729e+05 2.4035
25.445 1.5081e-05 8.3726e-06 0 3.2444 2.1513e+05 1.8012
26.13 9.9227e-06 6.8509e-06 0 2.0978 2.1142e+05 1.4484
26.816 1.3725e-05 8.04e-06 0 2.914 2.1232e+05 1.7071
27.502 9.8036e-06 6.7701e-06 0 2.0969 2.1389e+05 1.4481
28.188 1.7607e-05 9.0373e-06 0 3.7957 2.1558e+05 1.9483
28.874 1.4284e-05 8.1091e-06 0 3.1029 2.1723e+05 1.7615
29.56 3.813e-05 1.323e-05 0 8.306 2.1784e+05 2.882
30.245 3.2991e-05 1.2289e-05 0 7.2066 2.1844e+05 2.6845
30.931 6.0081e-05 1.6527e-05 0 13.216 2.1996e+05 3.6353
31.617 5.9649e-05 1.6479e-05 0 13.103 2.1966e+05 3.6198
32.303 5.5462e-05 1.5937e-05 0 12.111 2.1836e+05 3.48
32.989 6.7873e-05 1.7725e-05 0 14.663 2.1603e+05 3.8292
33.675 9.1399e-05 2.0737e-05 0 19.426 2.1254e+05 4.4075
34.361 0.00011977 2.3809e-05 0 25.306 2.1129e+05 5.0305
35.046 0.00014148 2.6035e-05 0 29.531 2.0873e+05 5.4342
35.732 0.00023743 3.4157e-05 0 48.318 2.0351e+05 6.9511
36.418 0.00020602 3.2399e-05 0 40.436 1.9627e+05 6.3589
37.104 0.00022164 3.3657e-05 0 43.365 1.9566e+05 6.5852
37.79 0.00022475 3.3883e-05 0 44 1.9577e+05 6.6332
38.476 0.00015399 2.8088e-05 0 30.055 1.9518e+05 5.4823
39.162 0.0001862 3.0764e-05 0 36.632 1.9674e+05 6.0524
39.847 0.00011516 2.3948e-05 0 23.125 2.008e+05 4.8089
40.533 0.00021045 3.2192e-05 0 42.736 2.0307e+05 6.5373
41.219 0.00022707 3.3169e-05 0 46.866 2.0639e+05 6.8458
41.905 0.00026785 3.5905e-05 0 55.652 2.0777e+05 7.46
42.591 0.00019932 3.0991e-05 0 41.364 2.0753e+05 6.4315
43.277 0.00016552 2.812e-05 0 34.648 2.0933e+05 5.8862
43.963 0.00011182 2.3069e-05 0 23.496 2.1012e+05 4.8472
44.648 0.00010011 2.178e-05 0 21.125 2.1103e+05 4.5962
45.334 7.8489e-05 1.9259e-05 0 16.609 2.1162e+05 4.0755
46.02 7.4871e-05 1.8718e-05 0 16 2.137e+05 4
46.706 4.6012e-05 1.4606e-05 0 9.9241 2.1569e+05 3.1503
47.392 2.9719e-05 1.1748e-05 0 6.3993 2.1533e+05 2.5297
