-5.854 0 5.6021e-06 0 0 1.785e+05 0
-5.2448 1.6665e-05 9.6215e-06 0 3 1.8002e+05 1.7321
-4.5522 2.763e-05 1.2356e-05 0 5 1.8096e+05 2.2361
-3.8457 3.8753e-05 1.4647e-05 0 7 1.8063e+05 2.6458
-3.1444 4.4167e-05 1.5615e-05 0 8 1.8113e+05 2.8284
-2.4542 8.8423e-05 2.2106e-05 0 16 1.8095e+05 4
-1.7559 0.0001104 2.4686e-05 0 20 1.8116e+05 4.4721
-1.067 0.00033566 4.2977e-05 0 61 1.8173e+05 7.8102
-0.36352 0.0004367 4.9133e-05 0 79 1.809e+05 8.8882
0.33898 0.00039742 4.6836e-05 0 72 1.8117e+05 8.4853
1.0282 0.0001829 3.1839e-05 0 33 1.8043e+05 5.7446
1.7248 8.9831e-05 2.2458e-05 0 16 1.7811e+05 4
2.4154 9.0415e-05 2.2604e-05 0 16 1.7696e+05 4
3.1129 2.8307e-05 1.2659e-05 0 5 1.7664e+05 2.2361
3.8238 4.5742e-05 1.6172e-05 0 8 1.7489e+05 2.8284
4.515 1.7199e-05 9.9301e-06 0 3 1.7442e+05 1.7321
5.2126 2.9061e-05 1.2996e-05 0 5 1.7205e+05 2.2361
5.8999 2.9441e-05 1.3167e-05 0 5 1.6983e+05 2.2361
6.595 4.1057e-05 1.5518e-05 0 7 1.7049e+05 2.6458
7.3041 1.7466e-05 1.0084e-05 0 3 1.7176e+05 1.7321
7.9955 1.6927e-05 9.773e-06 0 3 1.7723e+05 1.7321
8.6903 2.8229e-05 1.2624e-05 0 5 1.7712e+05 2.2361
9.3803 3.3509e-05 1.368e-05 0 6 1.7906e+05 2.4495
10.076 5.0086e-05 1.6695e-05 0 9 1.7969e+05 3
10.788 0.00013905 2.7811e-05 0 25 1.7978e+05 5
11.477 0.00017848 3.1551e-05 0 32 1.7929e+05 5.6569
12.184 0.0001656 2.9274e-05 0 32 1.9324e+05 5.6569
12.788 7.3493e-05 1.9642e-05 0 14 1.9049e+05 3.7417
13.482 5.7045e-05 1.72e-05 0 11 1.9283e+05 3.3166
14.181 5.1434e-05 1.6265e-05 0 10 1.9442e+05 3.1623
14.877 5.0545e-05 1.5984e-05 0 10 1.9784e+05 3.1623
15.577 5.02e-06 5.02e-06 0 1 1.992e+05 1
16.265 2.0349e-05 1.0175e-05 0 4 1.9657e+05 2
16.962 3.1187e-05 1.2732e-05 0 6 1.9238e+05 2.4495
17.663 1.0611e-05 7.5032e-06 0 2 1.8848e+05 1.4142
18.357 5.348e-06 5.348e-06 0 1 1.8698e+05 1
19.056 1.6135e-05 9.3154e-06 0 3 1.8594e+05 1.7321
19.744 1.6324e-05 9.4246e-06 0 3 1.8378e+05 1.7321
20.439 1.6849e-05 9.7281e-06 0 3 1.7805e+05 1.7321
21.138 1.7044e-05 9.8406e-06 0 3 1.7601e+05 1.7321
21.927 0 4.6214e-06 0 0 2.1638e+05 0
22.538 9.2625e-06 6.5496e-06 0 2 2.1592e+05 1.4142
23.224 2.3152e-05 1.0354e-05 0 5 2.1596e+05 2.2361
23.929 1.3924e-05 8.0392e-06 0 3 2.1545e+05 1.7321
24.618 2.7864e-05 1.1376e-05 0 6 2.1533e+05 2.4495
25.31 1.3997e-05 8.0813e-06 0 3 2.1433e+05 1.7321
26.009 2.8385e-05 1.1588e-05 0 6 2.1138e+05 2.4495
26.698 4.8017e-05 1.5184e-05 0 10 2.0826e+05 3.1623
27.402 2.8995e-05 1.1837e-05 0 6 2.0693e+05 2.4495
28.092 4.4015e-05 1.4672e-05 0 9 2.0448e+05 3
28.785 3.8822e-05 1.3726e-05 0 8 2.0607e+05 2.8284
29.484 3.3506e-05 1.2664e-05 0 7 2.0892e+05 2.6458
30.18 6.5431e-05 1.7487e-05 0 14 2.1397e+05 3.7417
30.878 7.4237e-05 1.8559e-05 0 16 2.1553e+05 4
31.565 8.869e-05 2.0347e-05 0 19 2.1423e+05 4.3589
32.257 0.00014893 2.6328e-05 0 32 2.1486e+05 5.6569
32.953 0.00012613 2.4274e-05 0 27 2.1406e+05 5.1962
33.647 0.00014116 2.5772e-05 0 30 2.1253e+05 5.4772
34.344 0.00021987 3.2072e-05 0 47 2.1376e+05 6.8557
35.033 0.00025689 3.4958e-05 0 54 2.1021e+05 7.3485
35.736 0.00030642 3.8605e-05 0 63 2.056e+05 7.9373
36.428 0.00033363 4.0458e-05 0 68 2.0382e+05 8.2462
37.122 0.00037643 4.3179e-05 0 76 2.019e+05 8.7178
37.818 0.00037791 4.3349e-05 0 76 2.011e+05 8.7178
38.515 0.00023972 3.4601e-05 0 48 2.0023e+05 6.9282
39.212 0.00014477 2.6883e-05 0 29 2.0032e+05 5.3852
39.9 8.3439e-05 2.0237e-05 0 17 2.0374e+05 4.1231
40.593 2.4596e-05 1.1e-05 0 5 2.0328e+05 2.2361
41.299 2.9623e-05 1.2093e-05 0 6 2.0255e+05 2.4495
41.986 1.4548e-05 8.3991e-06 0 3 2.0622e+05 1.7321
42.683 1.9116e-05 9.5579e-06 0 4 2.0925e+05 2
43.368 3.3276e-05 1.2577e-05 0 7 2.1036e+05 2.6458
44.069 3.3258e-05 1.257e-05 0 7 2.1048e+05 2.6458
44.765 2.8398e-05 1.1594e-05 0 6 2.1128e+05 2.4495
45.453 3.3247e-05 1.2566e-05 0 7 2.1054e+05 2.6458
46.145 2.3678e-05 1.0589e-05 0 5 2.1117e+05 2.2361
46.839 4.7595e-06 4.7595e-06 0 1 2.101e+05 1
47.532 4.7456e-06 4.7456e-06 0 1 2.1072e+05 1
48.227 1.9067e-05 9.5333e-06 0 4 2.0979e+05 2
48.916 1.9103e-05 9.5516e-06 0 4 2.0939e+05 2
49.615 9.5618e-06 6.7612e-06 0 2 2.0917e+05 1.4142
50.303 3.34e-05 1.2624e-05 0 7 2.0958e+05 2.6458
50.996 1.9162e-05 9.5809e-06 0 4 2.0875e+05 2
51.682 2.385e-05 1.0666e-05 0 5 2.0964e+05 2.2361
52.388 3.3564e-05 1.2686e-05 0 7 2.0856e+05 2.6458
53.082 9.5907e-06 6.7817e-06 0 2 2.0854e+05 1.4142
53.767 0 4.7898e-06 0 0 2.0878e+05 0
54.468 1.924e-05 9.6201e-06 0 4 2.079e+05 2
55.158 2.4e-05 1.0733e-05 0 5 2.0834e+05 2.2361
55.851 2.8857e-05 1.1781e-05 0 6 2.0792e+05 2.4495
56.542 2.4092e-05 1.0774e-05 0 5 2.0754e+05 2.2361
57.238 6.3185e-05 1.7524e-05 0 13 2.0574e+05 3.6056
57.93 5.8545e-05 1.6901e-05 0 12 2.0497e+05 3.4641
58.617 0.00010445 2.2793e-05 0 21 2.0105e+05 4.5826
59.317 0.00022069 3.327e-05 0 44 1.9938e+05 6.6332
60.011 0.00033324 4.1333e-05 0 65 1.9506e+05 8.0623
60.697 0.00052347 5.2087e-05 0 101 1.9294e+05 10.05
61.387 0.00051034 5.1291e-05 0 99 1.9399e+05 9.9499
62.086 0.00050858 5.1114e-05 0 99 1.9466e+05 9.9499
62.777 0.00035855 4.3165e-05 0 69 1.9244e+05 8.3066
63.47 0.0001648 2.9133e-05 0 32 1.9417e+05 5.6569
64.166 0.00012293 2.5093e-05 0 24 1.9523e+05 4.899
64.859 5.0567e-05 1.5991e-05 0 10 1.9776e+05 3.1623
65.545 3.53e-05 1.3342e-05 0 7 1.983e+05 2.6458
66.245 5.5495e-05 1.6732e-05 0 11 1.9822e+05 3.3166
66.939 1.028e-05 7.2687e-06 0 2 1.9456e+05 1.4142
67.623 5.7167e-05 1.7237e-05 0 11 1.9242e+05 3.3166
68.314 5.281e-06 5.281e-06 0 1 1.8936e+05 1
69.009 2.7003e-05 1.2076e-05 0 5 1.8516e+05 2.2361
69.704 0 5.4721e-06 0 0 1.8274e+05 0
70.389 5.5174e-06 5.5174e-06 0 1 1.8124e+05 1
71.087 1.6502e-05 9.5275e-06 0 3 1.8179e+05 1.7321
71.779 1.6664e-05 9.6207e-06 0 3 1.8003e+05 1.7321
72.465 2.273e-05 1.1365e-05 0 4 1.7598e+05 2
73.163 1.1585e-05 8.1915e-06 0 2 1.7264e+05 1.4142
73.848 0 5.89e-06 0 0 1.6978e+05 0
74.536 1.7061e-05 9.8504e-06 0 3 1.7584e+05 1.7321
75.238 2.7808e-05 1.2436e-05 0 5 1.7981e+05 2.2361
