-57.549 0 0 0 0 69202 0
-56.854 4.8605e-06 8.2659e-06 0 0.34576 71137 0.58801
-56.159 9.0734e-06 1.1268e-05 0 0.64846 71468 0.80527
-55.464 0 0 0 0 71316 0
-54.769 0 0 0 0 71715 0
-54.075 0 0 0 0 72225 0
-53.38 0 0 0 0 72646 0
-52.685 0 0 0 0 72976 0
-51.99 0 0 0 0 73142 0
-51.295 0 0 0 0 73041 0
-50.6 0 0 0 0 73146 0
-49.905 1.1782e-05 1.2652e-05 0 0.86723 73604 0.93125
-49.21 2.9013e-05 1.9794e-05 0 2.1485 74053 1.4658
-48.516 3.8145e-06 7.1726e-06 0 0.28283 74145 0.53182
-47.821 9.6117e-06 1.1374e-05 0 0.71416 74301 0.84508
-47.126 4.3193e-06 3.8671e-06 0 1.2476 2.8884e+05 1.117
-46.431 6.771e-06 4.8525e-06 0 1.947 2.8756e+05 1.3954
-45.736 1.5671e-05 7.4196e-06 0 4.4608 2.8466e+05 2.1121
-45.041 7.5523e-06 5.1913e-06 0 2.1165 2.8024e+05 1.4548
-44.346 1.6544e-05 7.7343e-06 0 4.5755 2.7656e+05 2.139
-43.651 1.7189e-05 7.8827e-06 0 4.7552 2.7664e+05 2.1806
-42.956 1.1901e-05 6.5494e-06 0 3.3019 2.7745e+05 1.8171
-42.262 1.3404e-05 6.9738e-06 0 3.6943 2.7561e+05 1.9221
-41.567 7.1036e-06 5.1153e-06 0 1.9285 2.7148e+05 1.3887
-40.872 1.4905e-05 7.7222e-06 0 3.7256 2.4995e+05 1.9302
-40.177 2.3018e-05 9.896e-06 0 5.4104 2.3505e+05 2.326
-39.482 2.0801e-05 9.0214e-06 0 5.3165 2.5559e+05 2.3058
-38.787 4.3975e-05 1.2599e-05 0 12.182 2.7702e+05 3.4903
-38.092 4.2049e-05 1.2283e-05 0 11.72 2.7872e+05 3.4234
-37.397 3.9675e-05 1.1915e-05 0 11.088 2.7948e+05 3.3299
-36.703 7.1551e-05 1.6018e-05 0 19.954 2.7888e+05 4.467
-36.008 8.3354e-05 1.7298e-05 0 23.221 2.7858e+05 4.8188
-35.313 5.8108e-05 1.4457e-05 0 16.154 2.78e+05 4.0192
-34.618 4.8824e-05 1.3276e-05 0 13.525 2.7703e+05 3.6777
-33.923 5.3063e-05 1.3856e-05 0 14.666 2.7639e+05 3.8296
-33.228 6.5047e-05 1.5408e-05 0 17.821 2.7398e+05 4.2215
-32.533 5.6802e-05 1.4427e-05 0 15.502 2.7292e+05 3.9373
-31.838 7.2125e-05 1.6286e-05 0 19.613 2.7194e+05 4.4287
-31.143 3.9029e-05 1.1987e-05 0 10.6 2.716e+05 3.2558
-30.449 5.635e-05 1.4412e-05 0 15.288 2.713e+05 3.9099
-29.754 4.1424e-05 1.2379e-05 0 11.198 2.7033e+05 3.3464
-29.059 3.5761e-05 1.1531e-05 0 9.6178 2.6894e+05 3.1013
-28.364 2.8149e-05 1.0271e-05 0 7.5114 2.6684e+05 2.7407
-27.669 1.5969e-05 7.6255e-06 0 4.3856 2.7463e+05 2.0942
-26.974 1.2791e-05 6.778e-06 0 3.5612 2.7842e+05 1.8871
-26.279 1.4044e-05 7.0856e-06 0 3.9285 2.7973e+05 1.982
-25.584 1.2697e-05 6.7322e-06 0 3.5571 2.8015e+05 1.886
-24.89 2.0206e-05 8.4863e-06 0 5.6692 2.8057e+05 2.381
-24.195 1.7064e-05 7.7911e-06 0 4.7971 2.8112e+05 2.1902
-23.5 1.3293e-05 6.8795e-06 0 3.7337 2.8087e+05 1.9323
-22.805 2.0356e-05 8.5022e-06 0 5.7321 2.8159e+05 2.3942
-22.11 9.3039e-06 5.7512e-06 0 2.617 2.8128e+05 1.6177
-21.415 1.9866e-05 8.4102e-06 0 5.5796 2.8086e+05 2.3621
-20.72 2.0796e-05 8.6145e-06 0 5.8275 2.8023e+05 2.414
-20.025 1.284e-05 6.7969e-06 0 3.5686 2.7793e+05 1.8891
-19.33 1.839e-05 8.168e-06 0 5.0693 2.7565e+05 2.2515
-18.636 1.4082e-05 7.2015e-06 0 3.8236 2.7153e+05 1.9554
-17.941 1.463e-05 7.3537e-06 0 3.9582 2.7055e+05 1.9895
-17.246 1.1428e-05 6.5151e-06 0 3.0767 2.6923e+05 1.754
-16.551 1.2708e-05 6.9187e-06 0 3.3739 2.6549e+05 1.8368
-15.856 5.7755e-06 4.6731e-06 0 1.5275 2.6448e+05 1.2359
-15.161 9.5864e-06 6.0145e-06 0 2.5404 2.65e+05 1.5939
-14.466 1.1051e-05 6.4549e-06 0 2.9313 2.6524e+05 1.7121
-13.771 1.183e-05 6.6597e-06 0 3.1553 2.6673e+05 1.7763
-13.076 1.835e-05 8.2543e-06 0 4.9421 2.6932e+05 2.2231
-12.382 9.1883e-06 5.8414e-06 0 2.4742 2.6928e+05 1.573
-11.687 9.4416e-06 5.9101e-06 0 2.5521 2.7031e+05 1.5975
-10.992 1.8513e-05 8.2753e-06 0 5.0047 2.7034e+05 2.2371
-10.297 1.7612e-05 8.1977e-06 0 4.6159 2.6208e+05 2.1485
-9.6021 3.1686e-05 1.0832e-05 0 8.5573 2.7007e+05 2.9253
-8.9072 3.393e-05 1.1065e-05 0 9.4024 2.7711e+05 3.0663
-8.2123 1.8102e-05 8.0907e-06 0 5.0057 2.7653e+05 2.2374
-7.5174 2.5412e-05 9.6135e-06 0 6.9875 2.7497e+05 2.6434
-6.8225 2.3856e-05 9.3113e-06 0 6.5642 2.7516e+05 2.5621
-6.1277 2.7681e-05 7.7244e-06 0 12.842 4.6393e+05 3.5836
-5.4416 4.5036e-05 9.8663e-06 0 20.836 4.6265e+05 4.5647
-4.7555 4.4307e-05 9.8079e-06 0 20.408 4.606e+05 4.5175
-4.0694 3.4404e-05 8.6554e-06 0 15.799 4.5923e+05 3.9748
-3.3833 3.6369e-05 8.9137e-06 0 16.648 4.5774e+05 4.0802
-2.6972 4.5054e-05 9.9454e-06 0 20.522 4.555e+05 4.5301
-2.0111 6.8688e-05 1.235e-05 0 30.931 4.5032e+05 5.5616
-1.325 0.00011068 1.5715e-05 0 49.602 4.4815e+05 7.0429
-0.63888 0.0001418 1.7799e-05 0 63.463 4.4757e+05 7.9664
0.047215 0.00015094 1.8431e-05 0 67.067 4.4432e+05 8.1895
0.73331 0.00014785 1.8282e-05 0 65.401 4.4236e+05 8.0871
1.4194 0.0001173 1.6392e-05 0 51.208 4.3656e+05 7.156
2.1055 4.8475e-05 1.0643e-05 0 20.744 4.2794e+05 4.5546
2.7916 3.1662e-05 8.6838e-06 0 13.294 4.1987e+05 3.6461
3.4777 3.2985e-05 8.9532e-06 0 13.573 4.1148e+05 3.6841
4.1638 3.0997e-05 8.7259e-06 0 12.618 4.0709e+05 3.5522
4.8499 2.6029e-05 7.9962e-06 0 10.596 4.071e+05 3.2552
5.536 2.3964e-05 7.6524e-06 0 9.8067 4.0923e+05 3.1316
6.2221 1.9747e-05 6.9048e-06 0 8.1791 4.1419e+05 2.8599
6.9082 1.9852e-05 6.879e-06 0 8.3288 4.1953e+05 2.886
7.5943 1.5799e-05 6.0947e-06 0 6.7196 4.2532e+05 2.5922
8.2804 2.9333e-05 8.2467e-06 0 12.652 4.3131e+05 3.5569
8.9665 2.602e-05 7.7301e-06 0 11.33 4.3545e+05 3.3661
9.6526 2.1493e-05 7.0343e-06 0 9.336 4.3437e+05 3.0555
10.339 1.9011e-05 6.6056e-06 0 8.2834 4.3571e+05 2.8781
11.025 3.0734e-05 8.3582e-06 0 13.521 4.3995e+05 3.6772
11.711 2.671e-05 7.7887e-06 0 11.76 4.4029e+05 3.4293
12.397 1.3837e-05 5.6096e-06 0 6.0848 4.3974e+05 2.4667
13.083 1.3189e-05 5.4539e-06 0 5.8477 4.4339e+05 2.4182
13.769 2.8333e-05 7.9646e-06 0 12.655 4.4665e+05 3.5574
14.455 1.5845e-05 5.9312e-06 0 7.137 4.5042e+05 2.6715
15.141 1.6382e-05 6.0376e-06 0 7.3624 4.4941e+05 2.7134
15.827 2.0021e-05 6.7057e-06 0 8.9138 4.4523e+05 2.9856
16.514 1.5554e-05 5.9177e-06 0 6.9084 4.4416e+05 2.6284
17.2 4.2179e-05 9.785e-06 0 18.581 4.4053e+05 4.3106
17.886 1.2533e-05 5.3556e-06 0 5.4763 4.3695e+05 2.3401
18.572 2.1092e-05 6.9504e-06 0 9.2093 4.3662e+05 3.0347
19.258 2.6637e-05 7.8263e-06 0 11.584 4.3487e+05 3.4035
19.944 3.2779e-05 8.7001e-06 0 14.195 4.3306e+05 3.7677
20.63 3.4723e-05 8.9033e-06 0 15.21 4.3804e+05 3.9
21.316 3.3899e-05 8.7516e-06 0 15.004 4.426e+05 3.8735
22.002 3.3872e-05 8.755e-06 0 14.968 4.419e+05 3.8688
22.688 4.0324e-05 9.5921e-06 0 17.672 4.3826e+05 4.2039
23.375 4.3791e-05 1.0012e-05 0 19.131 4.3687e+05 4.3739
24.061 4.7387e-05 1.0377e-05 0 20.855 4.401e+05 4.5667
24.747 5.0713e-05 1.0755e-05 0 22.235 4.3845e+05 4.7154
25.433 4.5159e-05 1.0159e-05 0 19.76 4.3757e+05 4.4452
26.119 5.3955e-05 1.1098e-05 0 23.637 4.3809e+05 4.8618
26.805 6.5622e-05 1.2244e-05 0 28.723 4.377e+05 5.3594
27.491 7.2802e-05 1.2952e-05 0 31.593 4.3395e+05 5.6207
28.177 7.9568e-05 1.3631e-05 0 34.074 4.2824e+05 5.8373
28.863 0.00012123 1.6928e-05 0 51.291 4.2308e+05 7.1618
29.549 0.0001419 1.8511e-05 0 58.766 4.1413e+05 7.6659
30.236 0.00013844 1.8357e-05 0 56.872 4.1082e+05 7.5414
30.922 0.0001839 2.1064e-05 0 76.228 4.145e+05 8.7308
31.608 0.00020918 2.2408e-05 0 87.151 4.1662e+05 9.3354
32.294 0.00023819 2.3814e-05 0 100.04 4.2002e+05 10.002
32.98 0.00021708 2.2538e-05 0 92.776 4.2737e+05 9.632
33.666 0.00020714 2.1924e-05 0 89.266 4.3094e+05 9.4481
34.352 0.00023502 2.3313e-05 0 101.62 4.3241e+05 10.081
35.038 0.00023534 2.3313e-05 0 101.91 4.3302e+05 10.095
35.724 0.00026738 2.4733e-05 0 116.87 4.3708e+05 10.81
36.41 0.00026192 2.4424e-05 0 115 4.3906e+05 10.724
37.097 0.00021572 2.2082e-05 0 95.436 4.4241e+05 9.7691
37.783 0.00016414 1.9171e-05 0 73.303 4.4659e+05 8.5617
38.469 0.00016592 1.9232e-05 0 74.428 4.4858e+05 8.6272
39.155 0.00011378 1.5887e-05 0 51.289 4.5079e+05 7.1616
39.841 7.9119e-05 1.3212e-05 0 35.86 4.5324e+05 5.9883
40.527 6.553e-05 1.2025e-05 0 29.697 4.5318e+05 5.4495
41.213 5.8153e-05 1.1364e-05 0 26.188 4.5033e+05 5.1174
41.899 4.3163e-05 9.7833e-06 0 19.465 4.5097e+05 4.4119
42.585 2.9835e-05 8.1345e-06 0 13.452 4.5088e+05 3.6677
43.271 2.6139e-05 7.6757e-06 0 11.597 4.4366e+05 3.4054
43.957 3.346e-05 8.6629e-06 0 14.918 4.4586e+05 3.8624
44.644 2.6019e-05 7.636e-06 0 11.611 4.4624e+05 3.4074
45.33 2.3216e-05 7.2285e-06 0 10.315 4.4432e+05 3.2117
46.016 2.2871e-05 7.2093e-06 0 10.064 4.4005e+05 3.1724
46.702 2.34e-05 7.3395e-06 0 10.164 4.3439e+05 3.1882
47.388 1.9261e-05 6.7141e-06 0 8.2296 4.2727e+05 2.8687
48.074 1.8237e-05 6.5687e-06 0 7.7077 4.2265e+05 2.7763
48.76 1.4064e-05 5.7882e-06 0 5.9037 4.1978e+05 2.4298
49.446 2.16e-05 7.1646e-06 0 9.0891 4.2079e+05 3.0148
50.132 1.3734e-05 5.678e-06 0 5.8502 4.2598e+05 2.4187
50.818 1.6456e-05 6.1932e-06 0 7.0604 4.2905e+05 2.6571
51.505 1.3011e-05 5.502e-06 0 5.5923 4.298e+05 2.3648
52.191 2.223e-05 7.1837e-06 0 9.5758 4.3076e+05 3.0945
52.877 3.0759e-05 8.4296e-06 0 13.314 4.3286e+05 3.6489
53.563 3.155e-05 8.5023e-06 0 13.77 4.3644e+05 3.7108
54.249 3.4944e-05 1.3616e-05 0 6.5864 1.8848e+05 2.5664
54.944 2.9001e-05 1.2423e-05 0 5.45 1.8792e+05 2.3345
55.639 4.257e-05 1.5051e-05 0 8 1.8792e+05 2.8284
56.335 5.0408e-05 1.6378e-05 0 9.4732 1.8793e+05 3.0779
57.03 6.9987e-05 1.9334e-05 0 13.104 1.8723e+05 3.6199
57.725 9.6112e-05 2.266e-05 0 17.99 1.8717e+05 4.2414
58.42 0.00017799 3.0873e-05 0 33.237 1.8674e+05 5.7651
59.115 0.00027993 3.8725e-05 0 52.251 1.8666e+05 7.2285
59.81 0.00038449 4.5438e-05 0 71.603 1.8623e+05 8.4619
60.506 0.00045707 4.9624e-05 0 84.835 1.8561e+05 9.2106
61.201 0.00032277 4.1657e-05 0 60.037 1.86e+05 7.7484
61.896 0.00026261 3.7515e-05 0 49.002 1.866e+05 7.0001
62.591 0.00018382 3.1399e-05 0 34.273 1.8645e+05 5.8543
63.286 7.884e-05 2.0657e-05 0 14.567 1.8476e+05 3.8167
63.982 6.204e-05 1.837e-05 0 11.406 1.8385e+05 3.3772
64.677 5.8806e-05 1.7926e-05 0 10.761 1.83e+05 3.2805
65.372 3.8175e-05 1.4512e-05 0 6.9203 1.8128e+05 2.6307
66.067 2.6771e-05 1.2192e-05 0 4.8214 1.801e+05 2.1958
66.762 4.0412e-05 1.5007e-05 0 7.251 1.7943e+05 2.6928
67.457 2.8608e-05 1.2617e-05 0 5.1416 1.7973e+05 2.2675
68.153 7.1848e-06 6.3032e-06 0 1.2993 1.8084e+05 1.1399
68.848 2.141e-05 1.088e-05 0 3.8728 1.8088e+05 1.9679
