-3.353 5.0549e-06 5.0549e-06 0 1 1.9783e+05 1
-2.6598 1.3191e-05 6.2688e-06 0 4.4276 3.3566e+05 2.1042
-1.9744 2.33e-05 8.3264e-06 0 7.8302 3.3607e+05 2.7983
-1.2891 4.1149e-05 1.1085e-05 0 13.78 3.3489e+05 3.7122
-0.60372 3.6019e-05 1.0375e-05 0 12.054 3.3465e+05 3.4719
0.081634 7.1362e-05 1.4571e-05 0 23.987 3.3613e+05 4.8977
0.76699 5.6003e-05 1.2871e-05 0 18.931 3.3804e+05 4.351
1.4523 2.8272e-05 9.1802e-06 0 9.4843 3.3547e+05 3.0797
2.1377 8.1993e-06 4.9552e-06 0 2.738 3.3393e+05 1.6547
2.8231 3.6581e-06 3.3061e-06 0 1.2243 3.3467e+05 1.1065
3.5084 1.1591e-05 5.8899e-06 0 3.8725 3.3411e+05 1.9679
4.1938 5.7307e-06 4.1371e-06 0 1.9188 3.3483e+05 1.3852
4.8791 4.1632e-07 1.1111e-06 0 0.14038 3.372e+05 0.37468
5.5645 5.7882e-06 4.1354e-06 0 1.9591 3.3846e+05 1.3997
6.2498 1.4094e-05 6.4424e-06 0 4.7862 3.3958e+05 2.1877
6.9352 9.2732e-06 5.2176e-06 0 3.1588 3.4063e+05 1.7773
7.6206 3.7582e-06 3.3227e-06 0 1.2793 3.4041e+05 1.1311
8.3059 5.4028e-06 3.9985e-06 0 1.8258 3.3793e+05 1.3512
8.9913 7.9042e-06 4.8449e-06 0 2.6616 3.3673e+05 1.6314
9.6766 6.67e-06 4.4633e-06 0 2.2332 3.3482e+05 1.4944
10.362 9.2266e-06 5.2551e-06 0 3.0826 3.341e+05 1.7557
11.047 6.9264e-06 4.5273e-06 0 2.3406 3.3793e+05 1.5299
11.733 1.0812e-05 5.6615e-06 0 3.6474 3.3734e+05 1.9098
12.418 1.407e-05 6.4598e-06 0 4.7438 3.3717e+05 2.178
13.103 9.9548e-06 5.4327e-06 0 3.3576 3.3728e+05 1.8324
13.789 1.666e-05 7.0081e-06 0 5.6513 3.3921e+05 2.3772
14.474 5.2201e-06 3.9205e-06 0 1.7729 3.3962e+05 1.3315
15.159 7.8328e-06 4.8119e-06 0 2.6497 3.3829e+05 1.6278
15.845 7.8272e-07 1.5284e-06 0 0.26227 3.3508e+05 0.51213
16.53 0 0 0 0 3.3105e+05 0
17.216 6.4619e-06 4.4509e-06 0 2.1077 3.2618e+05 1.4518
17.901 2.9051e-06 2.9912e-06 0 0.94325 3.2469e+05 0.97121
18.586 4.533e-06 3.746e-06 0 1.4643 3.2304e+05 1.2101
19.272 1.0076e-05 5.5884e-06 0 3.251 3.2264e+05 1.803
19.957 5.2844e-06 4.0287e-06 0 1.7205 3.2558e+05 1.3117
20.642 1.0001e-05 5.5084e-06 0 3.2963 3.296e+05 1.8156
21.328 1.0743e-05 5.6964e-06 0 3.5569 3.3108e+05 1.886
22.013 2.0228e-05 7.7902e-06 0 6.7421 3.3331e+05 2.5966
22.698 6.5265e-06 4.4096e-06 0 2.1906 3.3565e+05 1.4801
23.384 0 0 0 0 3.3772e+05 0
24.069 3.3276e-06 3.1364e-06 0 1.1257 3.3828e+05 1.061
24.754 7.7825e-06 4.7901e-06 0 2.6397 3.3918e+05 1.6247
25.44 1.5958e-05 6.857e-06 0 5.416 3.394e+05 2.3272
26.125 7.2861e-06 4.6299e-06 0 2.4766 3.399e+05 1.5737
26.811 5.8243e-06 4.1402e-06 0 1.979 3.3978e+05 1.4068
27.496 1.5123e-06 2.114e-06 0 0.51176 3.384e+05 0.71537
28.181 1.313e-05 6.2338e-06 0 4.4365 3.3789e+05 2.1063
28.867 1.6283e-05 6.9597e-06 0 5.4735 3.3616e+05 2.3396
29.552 2.243e-05 8.2135e-06 0 7.4573 3.3248e+05 2.7308
30.237 2.1596e-05 8.095e-06 0 7.1169 3.2956e+05 2.6678
30.923 1.7123e-05 7.2581e-06 0 5.5657 3.2504e+05 2.3592
31.608 1.644e-05 7.1638e-06 0 5.2667 3.2035e+05 2.2949
32.293 2.2308e-05 8.4317e-06 0 7 3.1379e+05 2.6458
32.979 2.8035e-05 9.5557e-06 0 8.6076 3.0703e+05 2.9339
33.664 2.7002e-05 9.3532e-06 0 8.3346 3.0866e+05 2.887
34.349 2.7685e-05 9.2994e-06 0 8.863 3.2014e+05 2.9771
35.035 3.4415e-05 1.0416e-05 0 10.918 3.1724e+05 3.3042
35.72 2.8569e-05 9.5041e-06 0 9.0356 3.1628e+05 3.0059
36.406 3.5852e-05 1.0648e-05 0 11.337 3.162e+05 3.367
37.091 3.6655e-05 1.0759e-05 0 11.607 3.1664e+05 3.4068
37.776 3.1704e-05 1.0047e-05 0 9.9578 3.1408e+05 3.1556
38.462 5.0402e-05 1.275e-05 0 15.628 3.1006e+05 3.9532
39.147 5.7424e-05 1.3664e-05 0 17.661 3.0755e+05 4.2024
39.832 6.9038e-05 1.51e-05 0 20.903 3.0278e+05 4.572
40.518 9.1666e-05 1.7551e-05 0 27.278 2.9758e+05 5.2229
41.203 0.00011181 1.9251e-05 0 33.735 3.0171e+05 5.8082
41.888 0.00014894 2.1536e-05 0 47.83 3.2113e+05 6.9159
42.574 0.00017974 2.3443e-05 0 58.784 3.2705e+05 7.6671
43.259 0.00016919 2.2627e-05 0 55.911 3.3047e+05 7.4774
43.944 0.00012199 1.9119e-05 0 40.713 3.3374e+05 6.3806
44.63 0.00011448 1.849e-05 0 38.335 3.3485e+05 6.1915
45.315 0.00013607 2.0145e-05 0 45.625 3.353e+05 6.7546
46.001 0.00012116 1.901e-05 0 40.618 3.3525e+05 6.3732
46.686 0.00015686 2.1651e-05 0 52.493 3.3464e+05 7.2452
47.371 0.00012177 1.9063e-05 0 40.805 3.351e+05 6.3879
48.057 9.2959e-05 1.6794e-05 0 30.638 3.2959e+05 5.5352
48.742 4.3356e-05 1.1592e-05 0 13.989 3.2267e+05 3.7402
49.427 9.3512e-05 1.7149e-05 0 29.735 3.1798e+05 5.4529
50.113 6.2374e-05 1.4024e-05 0 19.781 3.1713e+05 4.4476
50.798 3.5118e-05 1.0587e-05 0 11.002 3.1329e+05 3.317
51.483 3.735e-05 1.0938e-05 0 11.66 3.1219e+05 3.4147
52.169 1.0567e-05 5.8234e-06 0 3.293 3.1161e+05 1.8147
52.854 2.5776e-05 9.1442e-06 0 7.9459 3.0827e+05 2.8188
53.539 2.0106e-05 8.1203e-06 0 6.1305 3.0491e+05 2.476
54.225 2.5957e-05 9.239e-06 0 7.8935 3.0409e+05 2.8095
54.91 9.8148e-06 5.6268e-06 0 3.0426 3.1e+05 1.7443
55.596 2.1456e-05 8.2595e-06 0 6.7482 3.1451e+05 2.5977
56.281 1.01e-05 5.6667e-06 0 3.1764 3.1451e+05 1.7822
56.966 1.5627e-05 7.0345e-06 0 4.9351 3.158e+05 2.2215
57.652 2.8675e-05 1.2918e-05 0 4.9272 1.7183e+05 2.2197
58.345 1.7935e-05 1.0242e-05 0 3.0663 1.7096e+05 1.7511
59.038 2.9231e-05 1.3155e-05 0 4.9377 1.6892e+05 2.2221
59.731 1.2913e-05 8.8989e-06 0 2.1057 1.6307e+05 1.4511
60.425 1.892e-05 1.0991e-05 0 2.9632 1.5662e+05 1.7214
61.118 2.2296e-05 1.1343e-05 0 3.864 1.733e+05 1.9657
61.811 4.4766e-05 1.6009e-05 0 7.8195 1.7467e+05 2.7963
62.504 6.7604e-05 1.9651e-05 0 11.836 1.7507e+05 3.4403
63.198 9.7085e-05 2.365e-05 0 16.851 1.7357e+05 4.105
63.891 9.1795e-05 2.2931e-05 0 16.024 1.7456e+05 4.003
64.584 0.00013164 2.7579e-05 0 22.784 1.7308e+05 4.7733
65.277 0.00019449 3.3511e-05 0 33.683 1.7319e+05 5.8037
65.97 0.00019295 3.3574e-05 0 33.029 1.7118e+05 5.7471
66.664 0.00012733 2.7542e-05 0 21.374 1.6786e+05 4.6231
67.357 4.6304e-05 1.6974e-05 0 7.4417 1.6072e+05 2.728
68.05 3.9637e-05 1.6156e-05 0 6.019 1.5185e+05 2.4534
68.743 2.331e-05 1.1283e-05 0 4.2682 1.8311e+05 2.066
69.437 1.6059e-05 9.2273e-06 0 3.0289 1.8861e+05 1.7404
70.13 1.593e-05 9.197e-06 0 3 1.8833e+05 1.7321
70.823 1.066e-05 7.5216e-06 0 2.0085 1.8842e+05 1.4172
71.516 2.6511e-05 1.1899e-05 0 4.9643 1.8725e+05 2.2281
72.21 1.6084e-05 9.2573e-06 0 3.0186 1.8768e+05 1.7374
72.903 1.6042e-05 9.2617e-06 0 3 1.8701e+05 1.7321
73.596 1.6285e-05 9.4022e-06 0 3 1.8422e+05 1.7321
74.289 1.5625e-07 9.1995e-07 0 0.028849 1.8463e+05 0.16985
74.983 5.5065e-06 5.4899e-06 0 1.0061 1.827e+05 1.003
75.676 1.7073e-05 9.8708e-06 0 2.9916 1.7523e+05 1.7296
76.369 1.8085e-08 3.2544e-07 0 0.003088 1.7075e+05 0.05557
77.062 6.0732e-06 6.0423e-06 0 1.0103 1.6635e+05 1.0051
77.756 1.2362e-05 8.7414e-06 0 1.9998 1.6177e+05 1.4141
