-2.8411 2.254e-05 1.127e-05 0 4 1.7746e+05 2
-2.1475 1.5418e-05 6.2696e-06 0 6.0474 3.9223e+05 2.4592
-1.4613 3.4727e-05 9.4042e-06 0 13.637 3.9267e+05 3.6928
-0.77518 6.406e-05 1.2646e-05 0 25.66 4.0057e+05 5.0656
-0.08902 7.4421e-05 1.3627e-05 0 29.828 4.008e+05 5.4615
0.59714 4.7158e-05 1.0798e-05 0 19.074 4.0447e+05 4.3674
1.2833 3.8628e-05 9.7613e-06 0 15.66 4.054e+05 3.9573
1.9695 3.7902e-05 9.6495e-06 0 15.428 4.0705e+05 3.9278
2.6556 1.8214e-05 6.7029e-06 0 7.3843 4.0541e+05 2.7174
3.3418 1.1114e-05 5.2639e-06 0 4.4579 4.0111e+05 2.1114
4.0279 1.0987e-05 5.2398e-06 0 4.3966 4.0017e+05 2.0968
4.7141 1.4122e-05 5.9151e-06 0 5.7001 4.0363e+05 2.3875
5.4002 1.6837e-05 6.4451e-06 0 6.8245 4.0533e+05 2.6124
6.0864 8.0442e-06 4.4496e-06 0 3.2682 4.0629e+05 1.8078
6.7726 9.3029e-06 4.7888e-06 0 3.7739 4.0566e+05 1.9426
7.4587 1.6458e-05 6.3858e-06 0 6.6427 4.036e+05 2.5773
8.1449 1.6983e-05 6.4909e-06 0 6.8455 4.0309e+05 2.6164
8.831 1.2925e-05 5.6885e-06 0 5.1623 3.9941e+05 2.2721
9.5172 6.8417e-06 4.1674e-06 0 2.6952 3.9394e+05 1.6417
10.203 9.3598e-06 4.906e-06 0 3.6398 3.8888e+05 1.9078
10.89 6.1729e-06 4.0121e-06 0 2.3672 3.8348e+05 1.5386
11.576 9.4306e-06 4.9638e-06 0 3.6095 3.8274e+05 1.8999
12.262 1.4428e-05 6.0924e-06 0 5.6081 3.8871e+05 2.3681
12.948 1.745e-05 6.6744e-06 0 6.8358 3.9173e+05 2.6145
13.634 1.376e-05 5.9011e-06 0 5.4375 3.9516e+05 2.3318
14.32 6.6115e-06 4.086e-06 0 2.6182 3.9602e+05 1.6181
15.006 1.3022e-05 5.7211e-06 0 5.1805 3.9784e+05 2.2761
15.693 9.1442e-06 4.7993e-06 0 3.6302 3.97e+05 1.9053
16.379 7.7187e-06 4.4324e-06 0 3.0325 3.9288e+05 1.7414
17.065 1.9275e-05 7.0605e-06 0 7.4528 3.8665e+05 2.73
17.751 1.9654e-05 7.1596e-06 0 7.5359 3.8342e+05 2.7452
18.437 1.8383e-05 6.948e-06 0 7 3.8079e+05 2.6458
19.123 7.0115e-06 4.3048e-06 0 2.6528 3.7835e+05 1.6287
19.81 1.5804e-05 6.4256e-06 0 6.0492 3.8277e+05 2.4595
20.496 1.6781e-05 6.5774e-06 0 6.5093 3.8789e+05 2.5513
21.182 2.2004e-05 7.5043e-06 0 8.5978 3.9074e+05 2.9322
21.868 1.7354e-05 6.6769e-06 0 6.7551 3.8926e+05 2.5991
22.554 7.8992e-06 4.5052e-06 0 3.0742 3.8918e+05 1.7533
23.24 1.5032e-05 6.2004e-06 0 5.8776 3.9101e+05 2.4244
23.927 1.7277e-05 6.6423e-06 0 6.7652 3.9158e+05 2.601
24.613 1.423e-05 6.0577e-06 0 5.5179 3.8777e+05 2.349
25.299 1.0758e-05 5.2845e-06 0 4.1444 3.8524e+05 2.0358
25.985 7.0689e-06 4.2965e-06 0 2.7069 3.8293e+05 1.6453
26.671 2.0141e-05 7.3041e-06 0 7.6039 3.7753e+05 2.7575
27.357 2.9011e-05 8.7972e-06 0 10.876 3.7487e+05 3.2978
28.043 1.9383e-05 7.2118e-06 0 7.2234 3.7267e+05 2.6876
28.73 1.6266e-05 6.6593e-06 0 5.9666 3.6681e+05 2.4427
29.416 2.3273e-05 7.8106e-06 0 8.8785 3.8149e+05 2.9797
30.102 2.4236e-05 7.8622e-06 0 9.5021 3.9207e+05 3.0825
30.788 2.51e-05 7.9972e-06 0 9.8505 3.9245e+05 3.1385
31.474 2.6223e-05 8.1853e-06 0 10.263 3.9139e+05 3.2036
32.16 3.6287e-05 9.6461e-06 0 14.151 3.8998e+05 3.7618
32.847 2.9971e-05 8.7816e-06 0 11.649 3.8865e+05 3.413
33.533 4.5906e-05 1.0881e-05 0 17.798 3.8772e+05 4.2188
34.219 4.2051e-05 1.0442e-05 0 16.216 3.8563e+05 4.0269
34.905 3.6368e-05 9.7414e-06 0 13.938 3.8324e+05 3.7333
35.591 4.9548e-05 1.1386e-05 0 18.937 3.822e+05 4.3517
36.277 5.7109e-05 1.2219e-05 0 21.845 3.8252e+05 4.6739
36.964 4.5081e-05 1.0824e-05 0 17.345 3.8475e+05 4.1647
37.65 5.8883e-05 1.2356e-05 0 22.71 3.8567e+05 4.7655
38.336 9.3104e-05 1.5544e-05 0 35.876 3.8534e+05 5.9897
39.022 0.00013093 1.8428e-05 0 50.481 3.8555e+05 7.105
39.708 0.00014699 1.9485e-05 0 56.91 3.8716e+05 7.5439
40.394 0.00018193 2.1729e-05 0 70.104 3.8533e+05 8.3728
41.08 0.0002176 2.3818e-05 0 83.469 3.8359e+05 9.1361
41.767 0.00024638 2.5396e-05 0 94.12 3.8202e+05 9.7016
42.453 0.00026732 2.6613e-05 0 100.9 3.7745e+05 10.045
43.139 0.00028251 2.7534e-05 0 105.28 3.7265e+05 10.26
43.825 0.00027069 2.7098e-05 0 99.786 3.6863e+05 9.9893
44.511 0.00024176 2.5844e-05 0 87.514 3.6198e+05 9.3549
45.197 0.00019757 2.3564e-05 0 70.296 3.5581e+05 8.3843
45.884 0.00015348 2.0669e-05 0 55.139 3.5927e+05 7.4256
46.57 0.00011855 1.7972e-05 0 43.514 3.6705e+05 6.5965
47.256 8.5678e-05 1.5227e-05 0 31.658 3.695e+05 5.6265
47.942 9.0203e-05 1.5583e-05 0 33.508 3.7147e+05 5.7886
48.628 5.1986e-05 1.179e-05 0 19.442 3.7398e+05 4.4093
49.314 5.0798e-05 1.1654e-05 0 19.001 3.7405e+05 4.359
50.001 6.291e-05 1.3007e-05 0 23.394 3.7186e+05 4.8367
50.687 4.2483e-05 1.0762e-05 0 15.582 3.6678e+05 3.9474
51.373 3.249e-05 9.4828e-06 0 11.739 3.6131e+05 3.4262
52.059 3.213e-05 9.2886e-06 0 11.965 3.724e+05 3.4591
52.745 3.1944e-05 9.1453e-06 0 12.201 3.8194e+05 3.493
53.431 1.4015e-05 6.0704e-06 0 5.3302 3.8032e+05 2.3087
54.117 1.9861e-05 7.2542e-06 0 7.4957 3.7741e+05 2.7378
54.804 2.1811e-05 7.6084e-06 0 8.2177 3.7678e+05 2.8667
55.49 1.97e-05 7.1978e-06 0 7.4906 3.8024e+05 2.7369
56.176 1.6705e-05 6.6485e-06 0 6.3132 3.7792e+05 2.5126
56.862 1.115e-05 5.4786e-06 0 4.1417 3.7147e+05 2.0351
57.548 2.0585e-05 7.4952e-06 0 7.5428 3.6642e+05 2.7464
58.234 1.1073e-05 7.7755e-06 0 2.0279 1.8314e+05 1.424
58.928 1.6388e-05 9.4616e-06 0 3 1.8306e+05 1.7321
59.622 1.6909e-05 9.6207e-06 0 3.0891 1.8269e+05 1.7576
60.315 3.2805e-05 1.3364e-05 0 6.0253 1.8367e+05 2.4547
61.009 3.8272e-05 1.4413e-05 0 7.0515 1.8424e+05 2.6555
61.702 4.9932e-05 1.6388e-05 0 9.2829 1.8591e+05 3.0468
62.396 9.1074e-05 2.2118e-05 0 16.954 1.8616e+05 4.1176
63.09 8.0192e-05 2.0766e-05 0 14.913 1.8597e+05 3.8618
63.783 5.8166e-05 1.7618e-05 0 10.9 1.8739e+05 3.3015
64.477 4.3314e-05 1.5217e-05 0 8.1025 1.8706e+05 2.8465
65.17 5.951e-05 1.7894e-05 0 11.06 1.8585e+05 3.3257
65.864 7.2238e-05 1.9735e-05 0 13.398 1.8547e+05 3.6604
66.558 0.00013227 2.6717e-05 0 24.511 1.8531e+05 4.9509
67.251 5.5358e-05 1.7396e-05 0 10.127 1.8294e+05 3.1823
67.945 7.579e-05 2.0495e-05 0 13.675 1.8043e+05 3.698
68.638 2.2446e-05 1.1223e-05 0 4 1.7821e+05 2
69.332 2.2097e-05 1.1143e-05 0 3.9326 1.7797e+05 1.9831
70.026 1.1528e-05 8.0283e-06 0 2.062 1.7886e+05 1.436
70.719 2.1586e-05 1.1031e-05 0 3.829 1.7739e+05 1.9568
71.413 0 0 0 0 1.7798e+05 0
72.106 7.3333e-07 2.0288e-06 0 0.13066 1.7817e+05 0.36147
72.8 1.6444e-05 9.5662e-06 0 2.9549 1.7969e+05 1.719
73.494 1.0361e-05 7.5425e-06 0 1.8871 1.8213e+05 1.3737
74.187 2.5449e-07 1.1747e-06 0 0.046934 1.8442e+05 0.21664
74.881 5.7063e-06 5.5703e-06 0 1.0494 1.8391e+05 1.0244
75.574 1.2524e-05 8.2533e-06 0 2.3026 1.8386e+05 1.5174
76.268 3.666e-05 1.4127e-05 0 6.734 1.8369e+05 2.595
76.962 1.0527e-05 7.5577e-06 0 1.94 1.8429e+05 1.3928
77.655 5.4207e-06 5.4207e-06 0 1 1.8448e+05 1
