-6.0539 4.8538e-06 4.8538e-06 0 1 2.0602e+05 1
-5.3357 6.0234e-06 3.3527e-06 0 3.2277 5.3586e+05 1.7966
-4.6424 1.3759e-05 5.063e-06 0 7.385 5.3675e+05 2.7175
-3.949 1.8459e-05 5.8463e-06 0 9.9691 5.4007e+05 3.1574
-3.2557 2.7512e-05 7.1127e-06 0 14.962 5.4383e+05 3.8681
-2.5624 3.9764e-05 8.5676e-06 0 21.54 5.4171e+05 4.6412
-1.8691 6.3003e-05 1.0777e-05 0 34.179 5.425e+05 5.8463
-1.1758 0.00010585 1.3957e-05 0 57.516 5.4338e+05 7.5839
-0.48246 0.00018221 1.8303e-05 0 99.104 5.4391e+05 9.9551
0.21086 0.00017678 1.802e-05 0 96.239 5.444e+05 9.8101
0.90417 0.0001467 1.6505e-05 0 79.001 5.3852e+05 8.8882
1.5975 9.0959e-05 1.3007e-05 0 48.906 5.3767e+05 6.9933
2.2908 4.0662e-05 8.6979e-06 0 21.854 5.3747e+05 4.6749
2.9841 2.7561e-05 7.1847e-06 0 14.715 5.3391e+05 3.836
3.6774 2.2688e-05 6.5322e-06 0 12.063 5.317e+05 3.4732
4.3708 1.7615e-05 5.7839e-06 0 9.2756 5.2657e+05 3.0456
5.0641 2.0016e-05 6.1929e-06 0 10.446 5.219e+05 3.2321
5.7574 1.5038e-05 5.3957e-06 0 7.7677 5.1653e+05 2.7871
6.4507 1.0686e-05 4.4697e-06 0 5.716 5.349e+05 2.3908
7.144 1.7652e-05 5.6026e-06 0 9.927 5.6237e+05 3.1507
7.8373 2.1862e-05 6.251e-06 0 12.231 5.5949e+05 3.4974
8.5307 2.6853e-05 6.9354e-06 0 14.992 5.5828e+05 3.8719
9.224 3.4181e-05 7.8307e-06 0 19.053 5.5741e+05 4.365
9.9173 5.6368e-05 1.0038e-05 0 31.534 5.5943e+05 5.6155
10.611 0.00011077 1.4064e-05 0 62.026 5.5997e+05 7.8757
11.304 0.00012684 1.502e-05 0 71.306 5.6219e+05 8.4443
11.997 0.00011945 1.4575e-05 0 67.167 5.6231e+05 8.1956
12.691 0.00010872 1.3901e-05 0 61.166 5.6262e+05 7.8208
13.384 7.0534e-05 1.1218e-05 0 39.534 5.6049e+05 6.2876
14.077 6.0787e-05 1.3244e-05 0 21.067 3.4656e+05 4.5898
14.771 4.7832e-05 1.1745e-05 0 16.587 3.4677e+05 4.0727
15.464 2.4242e-05 8.3726e-06 0 8.3835 3.4582e+05 2.8954
16.157 2.0618e-05 7.727e-06 0 7.1196 3.4532e+05 2.6683
16.85 1.162e-05 5.8221e-06 0 3.9835 3.4281e+05 1.9959
17.544 8.0852e-06 4.8713e-06 0 2.7548 3.4072e+05 1.6598
18.237 1.21e-05 5.9664e-06 0 4.1131 3.3992e+05 2.0281
18.93 2.1616e-05 8.0016e-06 0 7.298 3.3762e+05 2.7015
19.624 2.0724e-05 7.8805e-06 0 6.9157 3.3371e+05 2.6298
20.317 1.516e-05 6.6915e-06 0 5.133 3.3858e+05 2.2656
21.01 1.1308e-05 5.7353e-06 0 3.8872 3.4377e+05 1.9716
21.704 8.1598e-06 4.8692e-06 0 2.8083 3.4416e+05 1.6758
22.397 1.6875e-05 7.0038e-06 0 5.8049 3.44e+05 2.4093
23.09 1.9632e-05 7.5671e-06 0 6.7308 3.4285e+05 2.5944
23.784 1.9117e-05 7.4958e-06 0 6.5043 3.4024e+05 2.5503
24.477 2.7737e-05 9.0668e-06 0 9.3586 3.3741e+05 3.0592
25.17 2.5519e-05 8.7269e-06 0 8.5509 3.3508e+05 2.9242
25.864 4.465e-05 1.1554e-05 0 14.934 3.3446e+05 3.8644
26.557 3.7249e-05 1.0543e-05 0 12.483 3.3511e+05 3.5331
27.25 3.3986e-05 1.0055e-05 0 11.425 3.3617e+05 3.3801
27.944 2.9739e-05 9.4221e-06 0 9.9623 3.3499e+05 3.1563
28.637 5.1179e-05 1.2372e-05 0 17.111 3.3434e+05 4.1365
29.33 6.3942e-05 1.3861e-05 0 21.28 3.328e+05 4.613
30.023 5.8117e-05 1.3205e-05 0 19.369 3.3328e+05 4.401
30.717 7.5497e-05 1.5024e-05 0 25.253 3.3449e+05 5.0252
31.41 8.9993e-05 1.6385e-05 0 30.167 3.3521e+05 5.4924
32.103 0.00015486 2.1503e-05 0 51.861 3.349e+05 7.2015
32.797 0.00017517 2.2827e-05 0 58.889 3.3618e+05 7.6739
33.49 0.00020829 2.4892e-05 0 70.022 3.3617e+05 8.3679
34.183 0.00021433 2.5227e-05 0 72.188 3.368e+05 8.4963
34.877 0.00023431 2.6404e-05 0 78.75 3.3609e+05 8.8741
35.57 0.00030267 3.0032e-05 0 101.57 3.3558e+05 10.078
36.263 0.00036093 3.2748e-05 0 121.47 3.3654e+05 11.021
36.957 0.00036942 3.3161e-05 0 124.1 3.3594e+05 11.14
37.65 0.00032891 3.1277e-05 0 110.58 3.3621e+05 10.516
38.343 0.00025349 2.7376e-05 0 85.74 3.3824e+05 9.2596
39.037 0.00013956 2.0279e-05 0 47.366 3.3939e+05 6.8823
39.73 8.8662e-05 1.6154e-05 0 30.126 3.3978e+05 5.4887
40.423 8.2266e-05 1.5559e-05 0 27.958 3.3985e+05 5.2875
41.117 2.4788e-05 8.5297e-06 0 8.4454 3.4071e+05 2.9061
41.81 2.7437e-05 8.956e-06 0 9.3854 3.4207e+05 3.0636
42.503 3.4863e-05 1.0091e-05 0 11.937 3.4241e+05 3.455
43.196 2.9724e-05 9.3116e-06 0 10.19 3.4281e+05 3.1922
43.89 3.3883e-05 9.944e-06 0 11.61 3.4266e+05 3.4074
44.583 2.5752e-05 8.6816e-06 0 8.7991 3.4168e+05 2.9663
45.276 2.3487e-05 8.3041e-06 0 8 3.4061e+05 2.8284
45.97 2.6061e-05 8.7805e-06 0 8.8094 3.3803e+05 2.9681
46.663 3.1414e-05 1.2765e-05 0 6.0565 1.928e+05 2.461
47.357 2.0422e-05 1.0414e-05 0 3.8455 1.883e+05 1.961
48.051 5.4211e-06 5.4211e-06 0 1 1.8447e+05 1
48.745 8.3687e-06 6.7637e-06 0 1.5309 1.8293e+05 1.2373
49.439 8.1185e-06 6.6971e-06 0 1.4695 1.8101e+05 1.2122
50.133 5.5896e-06 5.5896e-06 0 1 1.789e+05 1
50.827 5.625e-06 5.625e-06 0 1 1.7778e+05 1
51.52 2.3617e-05 1.15e-05 0 4.2176 1.7859e+05 2.0537
52.214 2.7215e-05 1.2348e-05 0 4.8579 1.785e+05 2.2041
52.908 2.2922e-05 1.1377e-05 0 4.0593 1.7709e+05 2.0148
53.602 2.5478e-05 1.2056e-05 0 4.4662 1.753e+05 2.1133
54.296 2.9041e-05 1.2901e-05 0 5.0669 1.7448e+05 2.251
54.99 3.0999e-05 1.3257e-05 0 5.4679 1.7639e+05 2.3383
55.684 3.0454e-05 1.2943e-05 0 5.5361 1.8179e+05 2.3529
56.378 2.9207e-05 1.2498e-05 0 5.4611 1.8698e+05 2.3369
57.072 3.7957e-05 1.4193e-05 0 7.1519 1.8842e+05 2.6743
57.766 6.5254e-05 1.8663e-05 0 12.225 1.8735e+05 3.4965
58.46 0.00012207 2.5663e-05 0 22.624 1.8534e+05 4.7564
59.154 0.00017707 3.1179e-05 0 32.251 1.8214e+05 5.679
59.848 0.00032054 4.246e-05 0 56.991 1.778e+05 7.5492
60.541 0.00054204 5.5763e-05 0 94.486 1.7431e+05 9.7204
61.235 0.00066231 6.1772e-05 0 114.96 1.7357e+05 10.722
61.929 0.00059241 5.8196e-05 0 103.63 1.7492e+05 10.18
62.623 0.00043062 4.9513e-05 0 75.64 1.7565e+05 8.6971
63.317 0.00027249 3.9262e-05 0 48.168 1.7677e+05 6.9403
64.011 0.00016925 3.0915e-05 0 29.971 1.7708e+05 5.4746
64.705 0.0001137 2.5378e-05 0 20.074 1.7655e+05 4.4804
65.399 8.036e-05 2.1225e-05 0 14.335 1.7838e+05 3.7861
66.093 4.978e-05 1.6505e-05 0 9.0968 1.8274e+05 3.0161
66.787 3.2129e-05 1.3117e-05 0 6 1.8675e+05 2.4495
67.481 2.5724e-05 1.1647e-05 0 4.8782 1.8963e+05 2.2087
68.175 2.3713e-05 1.1093e-05 0 4.5697 1.9271e+05 2.1377
68.868 1.9795e-05 1.0076e-05 0 3.8599 1.9499e+05 1.9647
69.562 2.7044e-05 1.1773e-05 0 5.2764 1.9511e+05 2.297
70.256 2.4147e-05 1.1144e-05 0 4.6947 1.9443e+05 2.1667
70.95 2.1306e-05 1.0456e-05 0 4.1525 1.949e+05 2.0378
71.644 2.2626e-05 1.0753e-05 0 4.4272 1.9567e+05 2.1041
72.338 2.6334e-05 1.1589e-05 0 5.1636 1.9608e+05 2.2724
73.032 1.275e-05 8.0692e-06 0 2.4968 1.9582e+05 1.5801
73.726 2.9938e-06 3.9109e-06 0 0.58598 1.9573e+05 0.76549
74.42 5.1009e-06 5.1009e-06 0 1 1.9604e+05 1
75.114 8.1252e-06 6.4446e-06 0 1.5896 1.9563e+05 1.2608
