-5.7163 1.011e-05 7.1487e-06 0 2 1.9783e+05 1.4142
-5.0221 1.8611e-05 7.4484e-06 0 6.2432 3.3546e+05 2.4986
-4.3365 2.0705e-05 7.8513e-06 0 6.9542 3.3588e+05 2.6371
-3.6508 3.9096e-05 1.0797e-05 0 13.111 3.3535e+05 3.6209
-2.9651 4.5791e-05 1.1702e-05 0 15.312 3.3439e+05 3.9131
-2.2794 5.7557e-05 1.31e-05 0 19.304 3.354e+05 4.3937
-1.5938 7.9064e-05 1.531e-05 0 26.668 3.3729e+05 5.1641
-0.90808 0.00011962 1.8867e-05 0 40.199 3.3604e+05 6.3402
-0.2224 0.00015753 2.1708e-05 0 52.659 3.3428e+05 7.2567
0.46328 0.0001413 2.0567e-05 0 47.2 3.3405e+05 6.8702
1.149 7.8761e-05 1.5363e-05 0 26.283 3.337e+05 5.1267
1.8346 4.8904e-05 1.2094e-05 0 16.351 3.3434e+05 4.0436
2.5203 3.267e-05 9.8503e-06 0 11 3.367e+05 3.3166
3.206 2.4161e-05 8.4506e-06 0 8.1747 3.3834e+05 2.8591
3.8917 1.4043e-05 6.4361e-06 0 4.7606 3.3901e+05 2.1819
4.5773 2.2808e-05 8.1816e-06 0 7.7715 3.4073e+05 2.7877
5.263 1.9357e-05 7.5323e-06 0 6.604 3.4117e+05 2.5698
5.9487 2.4363e-05 8.4828e-06 0 8.2489 3.3858e+05 2.8721
6.6344 1.5475e-05 6.7762e-06 0 5.2151 3.3701e+05 2.2837
7.32 2.5373e-05 8.6911e-06 0 8.5232 3.3591e+05 2.9195
8.0057 1.3592e-05 6.3793e-06 0 4.5398 3.34e+05 2.1307
8.6914 1.9556e-05 7.6237e-06 0 6.5797 3.3646e+05 2.5651
9.3771 3.3277e-05 9.9279e-06 0 11.235 3.3762e+05 3.3519
10.063 2.9529e-05 9.3606e-06 0 9.9516 3.3701e+05 3.1546
10.748 3.3157e-05 9.9169e-06 0 11.179 3.3714e+05 3.3434
11.434 3.2919e-05 9.8623e-06 0 11.142 3.3845e+05 3.3379
12.12 4.346e-05 1.1315e-05 0 14.753 3.3947e+05 3.841
12.805 4.3183e-05 1.1298e-05 0 14.609 3.3831e+05 3.8222
13.491 3.4398e-05 1.0133e-05 0 11.523 3.3498e+05 3.3945
14.177 3.2504e-05 9.9039e-06 0 10.771 3.3138e+05 3.282
14.862 2.9878e-05 9.5643e-06 0 9.7591 3.2663e+05 3.124
15.548 2.8968e-05 9.448e-06 0 9.4005 3.2452e+05 3.066
16.234 3.6629e-05 1.0644e-05 0 11.842 3.233e+05 3.4412
16.92 4.3183e-05 1.1567e-05 0 13.938 3.2276e+05 3.7333
17.605 2.7893e-05 9.2547e-06 0 9.0837 3.2566e+05 3.0139
18.291 1.3244e-05 6.3453e-06 0 4.3568 3.2895e+05 2.0873
18.977 2.2474e-05 8.2504e-06 0 7.4201 3.3016e+05 2.724
19.662 2.3245e-05 8.3627e-06 0 7.7259 3.3237e+05 2.7796
20.348 2.6373e-05 8.8655e-06 0 8.8494 3.3555e+05 2.9748
21.034 3.3786e-05 1.0005e-05 0 11.404 3.3754e+05 3.377
21.719 3.4258e-05 1.0061e-05 0 11.594 3.3844e+05 3.405
22.405 2.4708e-05 8.5392e-06 0 8.3725 3.3885e+05 2.8935
23.091 1.4701e-05 6.5792e-06 0 4.9927 3.3962e+05 2.2344
23.776 2.2169e-05 8.0752e-06 0 7.5365 3.3996e+05 2.7453
24.462 2.9536e-05 9.3259e-06 0 10.031 3.3961e+05 3.1671
25.148 3.0893e-05 9.5476e-06 0 10.47 3.389e+05 3.2357
25.833 2.5441e-05 8.6769e-06 0 8.5969 3.3792e+05 2.932
26.519 2.3231e-05 8.3156e-06 0 7.8049 3.3596e+05 2.7937
27.205 2.3313e-05 8.3709e-06 0 7.7565 3.327e+05 2.785
27.89 2.3295e-05 8.4072e-06 0 7.6776 3.2958e+05 2.7709
28.576 3.6081e-05 1.0525e-05 0 11.751 3.257e+05 3.428
29.262 3.7734e-05 1.0853e-05 0 12.088 3.2035e+05 3.4768
29.947 4.1391e-05 1.148e-05 0 13 3.1408e+05 3.6056
30.633 3.6466e-05 1.0893e-05 0 11.208 3.0734e+05 3.3478
31.319 5.1907e-05 1.2977e-05 0 15.999 3.0822e+05 3.9998
32.004 7.7144e-05 1.5527e-05 0 24.686 3.2e+05 4.9685
32.69 5.7223e-05 1.3421e-05 0 18.178 3.1767e+05 4.2636
33.376 6.1535e-05 1.3946e-05 0 19.47 3.164e+05 4.4125
34.061 6.5132e-05 1.4346e-05 0 20.611 3.1645e+05 4.54
34.747 8.0992e-05 1.6e-05 0 25.626 3.164e+05 5.0622
35.433 7.3681e-05 1.5307e-05 0 23.172 3.1449e+05 4.8137
36.118 0.00010957 1.8777e-05 0 34.05 3.1077e+05 5.8353
36.804 0.00013142 2.0652e-05 0 40.496 3.0813e+05 6.3636
37.49 0.00014352 2.1743e-05 0 43.568 3.0357e+05 6.6006
38.175 0.00020829 2.6441e-05 0 62.053 2.9792e+05 7.8774
38.861 0.00022834 2.7588e-05 0 68.5 3e+05 8.2765
39.547 0.00029315 3.0219e-05 0 94.106 3.2102e+05 9.7008
40.233 0.00034569 3.2553e-05 0 112.77 3.2622e+05 10.619
40.918 0.00045365 3.7046e-05 0 149.96 3.3056e+05 12.246
41.604 0.00059673 4.2333e-05 0 198.7 3.3298e+05 14.096
42.29 0.00058677 4.1866e-05 0 196.43 3.3476e+05 14.015
42.975 0.00068057 4.5064e-05 0 228.09 3.3514e+05 15.103
43.661 0.0006412 4.3712e-05 0 215.17 3.3558e+05 14.669
44.347 0.00052455 3.9589e-05 0 175.56 3.3468e+05 13.25
45.032 0.00050833 3.8968e-05 0 170.17 3.3477e+05 13.045
45.718 0.00047165 3.7774e-05 0 155.9 3.3054e+05 12.486
46.404 0.00041123 3.5688e-05 0 132.78 3.2288e+05 11.523
47.089 0.00042302 3.6474e-05 0 134.51 3.1798e+05 11.598
47.775 0.00027553 2.946e-05 0 87.47 3.1746e+05 9.3525
48.461 0.00029408 3.0621e-05 0 92.234 3.1363e+05 9.6038
49.146 0.00019651 2.5107e-05 0 61.262 3.1174e+05 7.827
49.832 0.0001794 2.3987e-05 0 55.936 3.118e+05 7.479
50.518 0.0001348 2.0899e-05 0 41.605 3.0864e+05 6.4502
51.203 8.6392e-05 1.6817e-05 0 26.39 3.0547e+05 5.1371
51.889 0.00010966 1.8987e-05 0 33.358 3.0419e+05 5.7756
52.575 9.5957e-05 1.7602e-05 0 29.718 3.097e+05 5.4514
53.26 6.9769e-05 1.4901e-05 0 21.924 3.1424e+05 4.6823
53.946 7.9867e-05 1.5933e-05 0 25.127 3.1461e+05 5.0127
54.632 5.9372e-05 1.3722e-05 0 18.72 3.153e+05 4.3266
55.317 6.2725e-05 1.9101e-05 0 10.784 1.7193e+05 3.2839
56.012 6.432e-05 1.9393e-05 0 11 1.7102e+05 3.3166
56.706 2.7569e-05 1.277e-05 0 4.6607 1.6905e+05 2.1589
57.4 5.199e-05 1.7834e-05 0 8.4981 1.6346e+05 2.9152
58.094 4.0172e-05 1.5994e-05 0 6.3088 1.5705e+05 2.5117
58.788 4.8858e-05 1.6849e-05 0 8.4086 1.721e+05 2.8998
59.482 5.6487e-05 1.7977e-05 0 9.873 1.7478e+05 3.1421
60.176 4.1897e-05 1.5471e-05 0 7.3336 1.7504e+05 2.7081
60.87 9.1896e-05 2.3002e-05 0 15.961 1.7369e+05 3.9951
61.565 0.00012337 2.659e-05 0 21.526 1.7449e+05 4.6396
62.259 0.00015828 3.0232e-05 0 27.412 1.7318e+05 5.2356
62.953 0.00016685 3.104e-05 0 28.895 1.7318e+05 5.3754
63.647 0.00025291 3.842e-05 0 43.332 1.7134e+05 6.5827
64.341 0.00041268 4.9551e-05 0 69.363 1.6808e+05 8.3285
65.035 0.0003123 4.4016e-05 0 50.342 1.612e+05 7.0952
65.729 0.00031473 4.5427e-05 0 48 1.5251e+05 6.9282
66.424 0.00032314 4.2296e-05 0 58.371 1.8064e+05 7.6401
67.118 0.00026283 3.7336e-05 0 49.558 1.8855e+05 7.0397
67.812 0.00010112 2.3171e-05 0 19.047 1.8835e+05 4.3643
68.506 8.0084e-05 2.0617e-05 0 15.089 1.8841e+05 3.8844
69.2 7.5239e-05 2.004e-05 0 14.096 1.8735e+05 3.7545
69.894 6.006e-05 1.7891e-05 0 11.27 1.8764e+05 3.357
70.588 2.9209e-05 1.2496e-05 0 5.4639 1.8706e+05 2.3375
71.283 3.7066e-05 1.4177e-05 0 6.8357 1.8442e+05 2.6145
71.977 8.1838e-06 6.6584e-06 0 1.5107 1.8459e+05 1.2291
72.671 3.1026e-05 1.3026e-05 0 5.6731 1.8285e+05 2.3818
73.365 1.8295e-05 1.0203e-05 0 3.215 1.7574e+05 1.793
74.059 3.9361e-05 1.5169e-05 0 6.7332 1.7106e+05 2.5948
74.753 1.9609e-05 1.0846e-05 0 3.2685 1.6669e+05 1.8079
75.447 1.2782e-05 8.8797e-06 0 2.072 1.6211e+05 1.4394
