-4.5821 1.5924e-05 9.1936e-06 0 3 1.884e+05 1.7321
-3.9715 0 5.4e-06 0 0 1.8518e+05 0
-3.2911 4.7959e-05 1.5986e-05 0 9 1.8766e+05 3
-2.5957 6.8807e-05 1.9084e-05 0 13 1.8893e+05 3.6056
-1.9035 7.2118e-05 1.9274e-05 0 14 1.9413e+05 3.7417
-1.2152 0.00021262 3.2808e-05 0 42 1.9754e+05 6.4807
-0.53065 0.00023778 3.4684e-05 0 47 1.9766e+05 6.8557
0.14957 0.00031095 3.9812e-05 0 61 1.9618e+05 7.8102
0.84756 0.00023236 3.4638e-05 0 45 1.9366e+05 6.7082
1.5518 0.00015092 2.8024e-05 0 29 1.9216e+05 5.3852
2.2327 0.00012161 2.5358e-05 0 23 1.8913e+05 4.7958
2.9281 3.2755e-05 1.3372e-05 0 6 1.8318e+05 2.4495
3.6083 6.5817e-05 1.9e-05 0 12 1.8232e+05 3.4641
4.3009 2.7294e-05 1.2206e-05 0 5 1.8319e+05 2.2361
4.9862 2.2509e-05 1.1254e-05 0 4 1.7771e+05 2
5.6748 1.7301e-05 9.9886e-06 0 3 1.734e+05 1.7321
6.3639 1.1586e-05 8.1923e-06 0 2 1.7263e+05 1.4142
7.0484 2.9561e-05 1.322e-05 0 5 1.6914e+05 2.2361
7.8221 9.5312e-06 6.7396e-06 0 2 2.0984e+05 1.4142
8.4274 9.6064e-06 6.7928e-06 0 2 2.0819e+05 1.4142
9.115 1.9213e-05 9.6065e-06 0 4 2.0819e+05 2
9.8131 9.676e-06 6.842e-06 0 2 2.067e+05 1.4142
10.491 4.8283e-06 4.8283e-06 0 1 2.0711e+05 1
11.187 1.4445e-05 8.3399e-06 0 3 2.0768e+05 1.7321
11.867 9.6325e-06 6.8112e-06 0 2 2.0763e+05 1.4142
12.563 1.4471e-05 8.3549e-06 0 3 2.0731e+05 1.7321
13.261 2.4192e-05 1.0819e-05 0 5 2.0668e+05 2.2361
13.94 1.4482e-05 8.3612e-06 0 3 2.0715e+05 1.7321
14.637 1.9313e-05 9.6563e-06 0 4 2.0712e+05 2
15.315 2.8904e-05 1.18e-05 0 6 2.0758e+05 2.4495
16.009 4.3451e-05 1.4484e-05 0 9 2.0713e+05 3
16.691 3.3976e-05 1.2842e-05 0 7 2.0603e+05 2.6458
17.376 5.333e-05 1.608e-05 0 11 2.0626e+05 3.3166
18.07 3.3995e-05 1.2849e-05 0 7 2.0591e+05 2.6458
18.762 2.4501e-05 1.0957e-05 0 5 2.0407e+05 2.2361
19.446 3.4401e-05 1.3002e-05 0 7 2.0348e+05 2.6458
20.135 2.4724e-05 1.1057e-05 0 5 2.0223e+05 2.2361
20.833 1.9815e-05 9.9075e-06 0 4 2.0187e+05 2
21.522 1.4944e-05 8.6282e-06 0 3 2.0074e+05 1.7321
22.199 1.0089e-05 7.1342e-06 0 2 1.9823e+05 1.4142
22.891 1.5401e-05 8.8919e-06 0 3 1.9479e+05 1.7321
23.57 1.0289e-05 7.2753e-06 0 2 1.9439e+05 1.4142
24.262 0 5.08e-06 0 0 1.9685e+05 0
24.943 0 5.0771e-06 0 0 1.9696e+05 0
25.636 5.1232e-06 5.1232e-06 0 1 1.9519e+05 1
26.331 0 5.1231e-06 0 0 1.9519e+05 0
27.011 1.0268e-05 7.2606e-06 0 2 1.9478e+05 1.4142
27.706 3.6575e-05 1.3824e-05 0 7 1.9139e+05 2.6458
28.396 5.3521e-06 5.3521e-06 0 1 1.8684e+05 1
29.08 1.6282e-05 9.4005e-06 0 3 1.8425e+05 1.7321
29.776 1.6739e-05 9.6644e-06 0 3 1.7922e+05 1.7321
30.455 2.2914e-05 1.1457e-05 0 4 1.7457e+05 2
31.148 5.9242e-06 5.9242e-06 0 1 1.688e+05 1
31.911 1.9546e-05 9.7728e-06 0 4 2.0465e+05 2
32.518 1.9657e-05 9.8285e-06 0 4 2.0349e+05 2
33.207 2.473e-05 1.106e-05 0 5 2.0218e+05 2.2361
33.892 5.4836e-05 1.6534e-05 0 11 2.006e+05 3.3166
34.577 2.0315e-05 1.0157e-05 0 4 1.969e+05 2
35.271 3.1398e-05 1.2818e-05 0 6 1.911e+05 2.4495
35.961 2.0779e-05 1.039e-05 0 4 1.925e+05 2
36.641 1.5392e-05 8.8868e-06 0 3 1.949e+05 1.7321
37.331 4.6804e-05 1.5601e-05 0 9 1.9229e+05 3
38.018 6.7596e-05 1.8748e-05 0 13 1.9232e+05 3.6056
38.71 9.6188e-05 2.2067e-05 0 19 1.9753e+05 4.3589
39.405 0.0001348 2.5943e-05 0 27 2.0029e+05 5.1962
40.082 0.00019482 3.1196e-05 0 39 2.0018e+05 6.245
40.771 0.00024257 3.4653e-05 0 49 2.02e+05 7
41.458 0.00021747 3.2785e-05 0 44 2.0232e+05 6.6332
42.142 0.00021684 3.269e-05 0 44 2.0292e+05 6.6332
42.826 0.0002327 3.3943e-05 0 47 2.0197e+05 6.8557
43.513 0.00023694 3.4199e-05 0 48 2.0258e+05 6.9282
44.196 0.00023777 3.4319e-05 0 48 2.0187e+05 6.9282
44.885 0.00013451 2.5887e-05 0 27 2.0072e+05 5.1962
45.569 0.00017395 2.9403e-05 0 35 2.012e+05 5.9161
46.262 0.00015937 2.8172e-05 0 32 2.008e+05 5.6569
46.95 0.00010466 2.2838e-05 0 21 2.0065e+05 4.5826
47.634 9.4882e-05 2.1767e-05 0 19 2.0025e+05 4.3589
48.321 6.507e-05 1.8047e-05 0 13 1.9978e+05 3.6056
49.013 4.5393e-05 1.5131e-05 0 9 1.9827e+05 3
49.698 4.0339e-05 1.4262e-05 0 8 1.9832e+05 2.8284
50.383 5.0121e-05 1.585e-05 0 10 1.9952e+05 3.1623
51.076 7.4955e-05 1.9353e-05 0 15 2.0012e+05 3.873
51.753 4.4803e-05 1.4934e-05 0 9 2.0088e+05 3
52.445 2.9918e-05 1.2214e-05 0 6 2.0055e+05 2.4495
53.122 4.9988e-05 1.5808e-05 0 10 2.0005e+05 3.1623
53.816 4.5037e-05 1.5012e-05 0 9 1.9984e+05 3
54.508 3.4942e-05 1.3207e-05 0 7 2.0033e+05 2.6458
55.185 1.0014e-05 7.0812e-06 0 2 1.9971e+05 1.4142
55.877 5.5109e-05 1.6616e-05 0 11 1.996e+05 3.3166
