-2.985 1.4468e-05 8.3534e-06 0 3 2.0735e+05 1.7321
-2.2922 4.1137e-05 1.0374e-05 0 15.725 3.8227e+05 3.9655
-1.6096 7.7266e-05 1.4265e-05 0 29.337 3.7969e+05 5.4164
-0.92711 9.3127e-05 1.5722e-05 0 35.084 3.7674e+05 5.9232
-0.24459 0.00012629 1.8391e-05 0 47.16 3.7341e+05 6.8673
0.43793 0.00012052 1.8141e-05 0 44.14 3.6623e+05 6.6438
1.1205 5.2647e-05 1.2073e-05 0 19.015 3.6118e+05 4.3606
1.803 4.6734e-05 1.1381e-05 0 16.861 3.6079e+05 4.1063
2.4855 4.602e-05 1.0973e-05 0 17.59 3.8223e+05 4.1941
3.168 3.224e-05 9.1907e-06 0 12.305 3.8168e+05 3.5079
3.8506 1.7619e-05 6.8031e-06 0 6.7076 3.807e+05 2.5899
4.5331 2.1318e-05 7.4965e-06 0 8.0872 3.7935e+05 2.8438
5.2156 2.8886e-05 8.7456e-06 0 10.909 3.7767e+05 3.3029
5.8981 2.2182e-05 7.6891e-06 0 8.3225 3.7519e+05 2.8849
6.5806 1.9021e-05 7.1185e-06 0 7.14 3.7537e+05 2.6721
7.2632 3.0937e-05 9.1065e-06 0 11.541 3.7306e+05 3.3972
7.9457 2.7498e-05 8.595e-06 0 10.235 3.7223e+05 3.1993
8.6282 3.7581e-05 1.0051e-05 0 13.981 3.7203e+05 3.7392
9.3107 2.7478e-05 8.5933e-06 0 10.224 3.721e+05 3.1976
9.9933 3.0849e-05 9.1335e-06 0 11.408 3.698e+05 3.3776
10.676 3.1819e-05 9.288e-06 0 11.736 3.6884e+05 3.4258
11.358 2.1447e-05 7.5937e-06 0 7.9769 3.7193e+05 2.8243
12.041 2.4666e-05 8.1306e-06 0 9.2037 3.7313e+05 3.0338
12.723 1.8095e-05 6.9338e-06 0 6.8107 3.7638e+05 2.6097
13.406 1.1357e-05 5.4797e-06 0 4.2952 3.7822e+05 2.0725
14.088 1.0853e-05 5.3414e-06 0 4.1287 3.8041e+05 2.0319
14.771 1.7583e-05 6.787e-06 0 6.7116 3.8171e+05 2.5907
15.453 1.954e-05 7.1469e-06 0 7.4751 3.8255e+05 2.7341
16.136 2.1418e-05 7.4552e-06 0 8.2536 3.8535e+05 2.8729
16.819 7.0004e-06 4.2517e-06 0 2.7109 3.8725e+05 1.6465
17.501 1.2673e-05 5.7166e-06 0 4.9141 3.8778e+05 2.2168
18.184 7.8784e-06 4.5128e-06 0 3.0478 3.8685e+05 1.7458
18.866 1.7614e-05 6.7565e-06 0 6.7962 3.8584e+05 2.6069
19.549 2.1848e-05 7.5568e-06 0 8.3594 3.8261e+05 2.8913
20.231 2.493e-05 8.0628e-06 0 9.5603 3.8349e+05 3.092
20.914 2.3667e-05 7.8478e-06 0 9.0945 3.8427e+05 3.0157
21.596 1.1554e-05 5.463e-06 0 4.4729 3.8713e+05 2.1149
22.279 1.5317e-05 6.2574e-06 0 5.9916 3.9118e+05 2.4478
22.961 1.3731e-05 5.9306e-06 0 5.3606 3.904e+05 2.3153
23.644 2.4658e-05 7.9737e-06 0 9.5628 3.8782e+05 3.0924
24.326 1.8147e-05 6.8412e-06 0 7.0361 3.8773e+05 2.6526
25.009 2.781e-05 8.4387e-06 0 10.86 3.9052e+05 3.2955
25.691 3.3018e-05 9.2163e-06 0 12.835 3.8873e+05 3.5826
26.374 2.5878e-05 8.1567e-06 0 10.066 3.8897e+05 3.1727
27.056 3.998e-05 1.0148e-05 0 15.52 3.8819e+05 3.9395
27.739 4.3729e-05 1.0641e-05 0 16.887 3.8617e+05 4.1094
28.421 4.0077e-05 1.0213e-05 0 15.399 3.8424e+05 3.9242
29.104 5.7563e-05 1.2297e-05 0 21.913 3.8067e+05 4.6811
29.786 4.7527e-05 1.1212e-05 0 17.97 3.7811e+05 4.2391
30.469 6.4891e-05 1.3141e-05 0 24.384 3.7576e+05 4.938
31.152 6.7946e-05 1.3539e-05 0 25.185 3.7066e+05 5.0184
31.834 7.04e-05 1.3753e-05 0 26.204 3.7222e+05 5.119
32.517 5.6826e-05 1.2308e-05 0 21.315 3.7509e+05 4.6168
33.199 8.362e-05 1.4889e-05 0 31.542 3.7721e+05 5.6162
33.882 0.00012285 1.7992e-05 0 46.625 3.7952e+05 6.8282
34.564 0.00014285 1.938e-05 0 54.332 3.8034e+05 7.371
35.247 0.00015349 2.0096e-05 0 58.338 3.8007e+05 7.6379
35.929 0.0001501 1.9859e-05 0 57.125 3.8058e+05 7.5581
36.612 0.00010301 1.6502e-05 0 38.965 3.7827e+05 6.2422
37.294 8.3476e-05 1.4849e-05 0 31.604 3.786e+05 5.6217
37.977 6.3778e-05 1.3035e-05 0 23.939 3.7535e+05 4.8928
38.659 4.1767e-05 1.0612e-05 0 15.49 3.7087e+05 3.9358
39.342 2.9709e-05 9.0085e-06 0 10.876 3.6609e+05 3.2979
40.024 2.6572e-05 8.5412e-06 0 9.6788 3.6424e+05 3.1111
40.707 1.3012e-05 5.965e-06 0 4.7584 3.657e+05 2.1814
41.389 2.7894e-06 2.7428e-06 0 1.0343 3.7078e+05 1.017
42.072 1.4178e-05 6.1514e-06 0 5.3127 3.747e+05 2.3049
42.754 1.421e-05 6.1671e-06 0 5.3088 3.7361e+05 2.3041
43.437 1.3796e-05 6.0921e-06 0 5.1285 3.7173e+05 2.2646
44.119 1.574e-05 6.5225e-06 0 5.8238 3.6999e+05 2.4133
44.802 4.4535e-06 3.4952e-06 0 1.6235 3.6454e+05 1.2742
45.485 5.0494e-06 3.7409e-06 0 1.8219 3.6082e+05 1.3498
46.167 8.0328e-06 4.7204e-06 0 2.8958 3.605e+05 1.7017
46.85 1.5783e-05 6.6947e-06 0 5.5582 3.5216e+05 2.3576
47.532 9.9258e-06 5.3464e-06 0 3.4468 3.4725e+05 1.8566
48.215 6.4829e-06 4.3678e-06 0 2.203 3.3982e+05 1.4843
48.897 3.6105e-06 3.2905e-06 0 1.204 3.3346e+05 1.0972
49.58 5.4627e-06 4.0786e-06 0 1.7939 3.2839e+05 1.3394
50.262 3.74e-06 3.3875e-06 0 1.219 3.2592e+05 1.1041
50.945 7.8586e-06 4.9064e-06 0 2.5655 3.2646e+05 1.6017
51.627 9.1798e-06 5.3039e-06 0 2.9955 3.2631e+05 1.7307
52.31 1.8454e-05 7.513e-06 0 6.0331 3.2693e+05 2.4562
52.992 9.7826e-06 5.4602e-06 0 3.2099 3.2812e+05 1.7916
53.675 1.295e-05 6.2267e-06 0 4.3254 3.3401e+05 2.0798
54.357 2.0744e-05 7.7721e-06 0 7.1239 3.4342e+05 2.6691
55.04 1.3058e-05 5.8015e-06 0 5.0658 3.8796e+05 2.2507
55.722 3.4035e-05 9.1755e-06 0 13.76 4.0427e+05 3.7094
56.405 3.5292e-05 9.3298e-06 0 14.309 4.0545e+05 3.7828
57.087 3.5047e-05 9.3268e-06 0 14.12 4.029e+05 3.7577
57.77 6.3771e-05 1.8467e-05 0 11.924 1.8699e+05 3.4532
58.463 0.00016057 2.9406e-05 0 29.818 1.8569e+05 5.4606
59.156 0.00021181 3.3916e-05 0 39 1.8413e+05 6.245
59.848 0.00032875 4.2313e-05 0 60.366 1.8362e+05 7.7695
60.541 0.00031945 4.1799e-05 0 58.408 1.8284e+05 7.6425
61.234 0.00025833 3.7392e-05 0 47.732 1.8477e+05 6.9088
61.927 0.0001445 2.7744e-05 0 27.126 1.8773e+05 5.2083
62.62 7.3051e-05 1.9683e-05 0 13.774 1.8855e+05 3.7113
63.313 5.3823e-05 1.6981e-05 0 10.046 1.8666e+05 3.1696
64.005 2.7392e-05 1.2194e-05 0 5.046 1.8421e+05 2.2463
64.698 2.0204e-05 1.0565e-05 0 3.6574 1.8102e+05 1.9124
65.391 2.6008e-05 1.2049e-05 0 4.6595 1.7916e+05 2.1586
66.084 9.4632e-06 7.2732e-06 0 1.6928 1.7889e+05 1.3011
66.777 1.113e-05 7.9143e-06 0 1.9777 1.7769e+05 1.4063
67.47 1.7027e-05 9.8308e-06 0 3 1.7619e+05 1.7321
68.162 5.7535e-06 5.7653e-06 0 0.99592 1.731e+05 0.99796
68.855 0 0 0 0 1.6939e+05 0
69.548 3.9724e-06 4.8801e-06 0 0.66261 1.668e+05 0.81401
70.241 5.9432e-06 5.9432e-06 0 1 1.6826e+05 1
70.934 1.8629e-06 3.2899e-06 0 0.32065 1.7212e+05 0.56626
71.627 3.8607e-06 4.689e-06 0 0.67794 1.756e+05 0.82337
72.319 1.8114e-06 3.201e-06 0 0.32024 1.7679e+05 0.5659
73.012 3.8305e-06 4.6169e-06 0 0.68836 1.7971e+05 0.82967
73.705 5.449e-06 5.449e-06 0 1 1.8352e+05 1
74.398 5.3456e-06 5.3456e-06 0 1 1.8707e+05 1
75.091 5.3198e-06 5.3198e-06 0 1 1.8798e+05 1
75.784 1.653e-06 2.9613e-06 0 0.31159 1.885e+05 0.5582
76.477 3.6927e-06 4.4396e-06 0 0.69186 1.8736e+05 0.83178
77.169 1.6011e-06 2.9178e-06 0 0.30111 1.8806e+05 0.54873
77.862 0 0 0 0 1.8759e+05 0
