-5.032 9.541e-06 6.7465e-06 0 2 2.0962e+05 1.4142
-4.3386 2.3045e-05 8.3665e-06 0 7.5869 3.2922e+05 2.7544
-3.6526 3.7995e-05 1.0747e-05 0 12.498 3.2894e+05 3.5353
-2.9666 5.4202e-05 1.2867e-05 0 17.745 3.274e+05 4.2125
-2.2805 8.3296e-05 1.5941e-05 0 27.303 3.2779e+05 5.2253
-1.5945 0.00014415 2.0978e-05 0 47.222 3.2758e+05 6.8718
-0.90843 0.00019466 2.4377e-05 0 63.766 3.2758e+05 7.9854
-0.22238 0.00024279 2.7245e-05 0 79.413 3.2709e+05 8.9114
0.46366 0.00015757 2.1988e-05 0 51.354 3.2592e+05 7.1662
1.1497 0.00013258 2.0136e-05 0 43.352 3.2699e+05 6.5842
1.8357 6.5105e-05 1.4091e-05 0 21.348 3.279e+05 4.6204
2.5218 5.1313e-05 1.2522e-05 0 16.793 3.2726e+05 4.0979
3.2078 2.9129e-05 9.421e-06 0 9.5598 3.2819e+05 3.0919
3.8939 4.2036e-05 1.1293e-05 0 13.855 3.296e+05 3.7223
4.5799 3.3025e-05 9.973e-06 0 10.966 3.3204e+05 3.3114
5.266 3.3739e-05 1.0081e-05 0 11.2 3.3197e+05 3.3467
5.952 4.4113e-05 1.1516e-05 0 14.674 3.3264e+05 3.8306
6.6381 4.7772e-05 1.1991e-05 0 15.873 3.3227e+05 3.9841
7.3241 6.2259e-05 1.3697e-05 0 20.661 3.3187e+05 4.5455
8.0101 4.4141e-05 1.1539e-05 0 14.634 3.3153e+05 3.8255
8.6962 6.4039e-05 1.3905e-05 0 21.21 3.312e+05 4.6054
9.3822 7.2106e-05 1.4763e-05 0 23.854 3.3082e+05 4.8841
10.068 7.8134e-05 1.5354e-05 0 25.896 3.3143e+05 5.0888
10.754 8.7049e-05 1.6231e-05 0 28.763 3.3043e+05 5.3632
11.44 8.7165e-05 1.6285e-05 0 28.648 3.2866e+05 5.3524
12.126 7.2234e-05 1.4843e-05 0 23.683 3.2786e+05 4.8665
12.812 5.5805e-05 1.3056e-05 0 18.269 3.2736e+05 4.2742
13.498 6.6375e-05 1.4262e-05 0 21.66 3.2633e+05 4.654
14.185 4.4559e-05 1.1721e-05 0 14.453 3.2435e+05 3.8017
14.871 5.4194e-05 1.2986e-05 0 17.415 3.2135e+05 4.1731
15.557 5.1427e-05 1.2656e-05 0 16.512 3.2108e+05 4.0635
16.243 5.0151e-05 1.2561e-05 0 15.94 3.1784e+05 3.9925
16.929 3.4859e-05 1.0567e-05 0 10.883 3.1219e+05 3.2989
17.615 2.1854e-05 8.4571e-06 0 6.6773 3.0555e+05 2.5841
18.301 2.4177e-05 8.9151e-06 0 7.3543 3.0419e+05 2.7119
18.987 2.28e-05 8.6357e-06 0 6.971 3.0574e+05 2.6403
19.673 2.2077e-05 8.4226e-06 0 6.8704 3.112e+05 2.6211
20.359 3.6698e-05 1.0775e-05 0 11.599 3.1608e+05 3.4058
21.045 3.9441e-05 1.1112e-05 0 12.598 3.1942e+05 3.5494
21.731 3.9797e-05 1.1134e-05 0 12.776 3.2102e+05 3.5743
22.417 5.1141e-05 1.2617e-05 0 16.43 3.2128e+05 4.0534
23.103 4.4493e-05 1.176e-05 0 14.315 3.2173e+05 3.7835
23.789 2.9347e-05 9.5404e-06 0 9.4624 3.2243e+05 3.0761
24.475 4.984e-05 1.2405e-05 0 16.143 3.239e+05 4.0179
25.161 4.6261e-05 1.1962e-05 0 14.957 3.2331e+05 3.8674
25.847 4.8233e-05 1.2259e-05 0 15.479 3.2092e+05 3.9344
26.533 4.8693e-05 1.2359e-05 0 15.523 3.1879e+05 3.9399
27.219 5.3193e-05 1.2955e-05 0 16.86 3.1696e+05 4.1061
27.905 5.7649e-05 1.3518e-05 0 18.188 3.155e+05 4.2647
28.591 5.8104e-05 1.354e-05 0 18.416 3.1695e+05 4.2914
29.277 7.2938e-05 1.5148e-05 0 23.185 3.1787e+05 4.8151
29.964 9.9106e-05 1.7678e-05 0 31.429 3.1713e+05 5.6062
30.65 0.00014953 2.1702e-05 0 47.477 3.1751e+05 6.8904
31.336 0.0001966 2.4851e-05 0 62.585 3.1834e+05 7.9111
32.022 0.00021455 2.598e-05 0 68.199 3.1787e+05 8.2583
32.708 0.00022588 2.6679e-05 0 71.687 3.1737e+05 8.4668
33.394 0.00022841 2.6883e-05 0 72.193 3.1606e+05 8.4967
34.08 0.00024451 2.798e-05 0 76.362 3.1231e+05 8.7385
34.766 0.00024205 2.8073e-05 0 74.338 3.0712e+05 8.622
35.452 0.00031067 3.1974e-05 0 94.409 3.0389e+05 9.7164
36.138 0.00040009 3.6342e-05 0 121.2 3.0293e+05 11.009
36.824 0.00039291 3.6084e-05 0 118.56 3.0176e+05 10.889
37.51 0.00040777 3.6984e-05 0 121.56 2.9812e+05 11.026
38.196 0.00023575 2.8234e-05 0 69.715 2.9572e+05 8.3495
38.882 0.00019311 2.5592e-05 0 56.935 2.9484e+05 7.5455
39.568 0.00012354 2.0421e-05 0 36.6 2.9626e+05 6.0498
40.254 0.00010575 1.8885e-05 0 31.357 2.9652e+05 5.5997
40.94 5.6486e-05 1.3834e-05 0 16.671 2.9513e+05 4.083
41.626 5.1232e-05 1.3258e-05 0 14.932 2.9145e+05 3.8641
42.312 6.7796e-05 1.5275e-05 0 19.698 2.9055e+05 4.4383
42.998 5.8146e-05 1.4058e-05 0 17.107 2.9421e+05 4.1361
43.684 3.5761e-05 1.0973e-05 0 10.621 2.97e+05 3.259
44.37 3.5688e-05 1.0971e-05 0 10.582 2.9651e+05 3.2529
45.056 3.1016e-05 1.024e-05 0 9.1749 2.9581e+05 3.029
45.743 4.3018e-05 1.21e-05 0 12.639 2.938e+05 3.5551
46.429 2.3531e-05 8.9571e-06 0 6.9017 2.933e+05 2.6271
47.115 2.4308e-05 9.0969e-06 0 7.1403 2.9374e+05 2.6721
47.801 3.2534e-05 1.044e-05 0 9.712 2.9852e+05 3.1164
48.487 3.5788e-05 1.0872e-05 0 10.836 3.0277e+05 3.2917
49.173 1.8903e-05 7.9228e-06 0 5.6923 3.0114e+05 2.3859
49.859 1.2041e-05 6.386e-06 0 3.5553 2.9526e+05 1.8855
50.545 2.3586e-05 8.9616e-06 0 6.9266 2.9368e+05 2.6318
51.231 1.3867e-05 6.8509e-06 0 4.0972 2.9546e+05 2.0242
51.917 2.9729e-05 9.9653e-06 0 8.8996 2.9936e+05 2.9832
52.603 2.1323e-05 8.435e-06 0 6.3905 2.997e+05 2.5279
53.289 3.5755e-05 1.0866e-05 0 10.828 3.0282e+05 3.2905
53.975 3.5212e-05 1.0727e-05 0 10.776 3.0603e+05 3.2827
54.661 2.3159e-05 8.6993e-06 0 7.0874 3.0603e+05 2.6622
55.347 2.218e-05 8.22e-06 0 7.2809 3.2826e+05 2.6983
56.033 4.8146e-05 1.6011e-05 0 9.0428 1.8782e+05 3.0071
56.727 5.6993e-05 1.727e-05 0 10.891 1.9108e+05 3.3001
57.42 3.884e-05 1.429e-05 0 7.3875 1.902e+05 2.718
58.113 0.00010974 2.3975e-05 0 20.952 1.9092e+05 4.5773
58.807 0.00010488 2.3582e-05 0 19.779 1.8859e+05 4.4473
59.5 0.00027948 3.8809e-05 0 51.862 1.8556e+05 7.2015
60.193 0.00054834 5.4371e-05 0 101.71 1.8549e+05 10.085
60.887 0.0007246 6.2929e-05 0 132.58 1.8298e+05 11.515
61.58 0.00064781 6.0412e-05 0 114.99 1.775e+05 10.723
62.273 0.00050803 5.4653e-05 0 86.408 1.7008e+05 9.2956
62.967 0.00028765 4.1737e-05 0 47.499 1.6513e+05 6.8919
63.66 0.00020317 3.4982e-05 0 33.731 1.6602e+05 5.8078
64.354 0.0001613 3.1205e-05 0 26.719 1.6565e+05 5.169
65.047 0.00011812 2.659e-05 0 19.733 1.6706e+05 4.4422
65.74 7.2732e-05 2.0427e-05 0 12.678 1.7431e+05 3.5606
66.434 2.9056e-05 1.2631e-05 0 5.2919 1.8213e+05 2.3004
67.127 5.6883e-05 1.7311e-05 0 10.798 1.8982e+05 3.286
67.82 3.1576e-05 1.2761e-05 0 6.1225 1.939e+05 2.4744
68.514 4.4074e-05 1.4972e-05 0 8.6656 1.9661e+05 2.9437
69.207 1.526e-05 8.8104e-06 0 3 1.9659e+05 1.7321
69.901 1.5541e-05 8.8914e-06 0 3.055 1.9658e+05 1.7478
70.594 2.1197e-05 1.0448e-05 0 4.116 1.9418e+05 2.0288
71.287 3.1633e-05 1.2839e-05 0 6.0703 1.919e+05 2.4638
71.981 3.5243e-05 1.3572e-05 0 6.7428 1.9132e+05 2.5967
72.674 1.6045e-05 9.1651e-06 0 3.0649 1.9102e+05 1.7507
73.367 2.0415e-05 1.0304e-05 0 3.9251 1.9227e+05 1.9812
74.061 1.5773e-05 9.1068e-06 0 3 1.9019e+05 1.7321
74.754 1.4723e-05 8.8519e-06 0 2.7666 1.879e+05 1.6633
75.447 8.532e-07 2.1318e-06 0 0.16017 1.8773e+05 0.40022
