-5.3921 1.4311e-05 8.2627e-06 0 3 2.0962e+05 1.7321
-4.6988 3.9912e-05 1.1011e-05 0 13.139 3.292e+05 3.6248
-4.0129 4.8983e-05 1.2204e-05 0 16.111 3.2891e+05 4.0139
-3.327 4.3941e-05 1.1585e-05 0 14.385 3.2738e+05 3.7928
-2.6411 6.4391e-05 1.4011e-05 0 21.12 3.2799e+05 4.5956
-1.9553 9.4638e-05 1.6992e-05 0 31.019 3.2777e+05 5.5695
-1.2694 0.00014422 2.0977e-05 0 47.267 3.2775e+05 6.8751
-0.58349 0.00020084 2.4781e-05 0 65.688 3.2706e+05 8.1048
0.1024 0.0002044 2.5046e-05 0 66.602 3.2584e+05 8.161
0.78828 0.00015632 2.1867e-05 0 51.104 3.2691e+05 7.1487
1.4742 0.00013362 2.0187e-05 0 43.815 3.279e+05 6.6193
2.16 8.3868e-05 1.601e-05 0 27.441 3.2719e+05 5.2384
2.8459 6.728e-05 1.4321e-05 0 22.072 3.2806e+05 4.698
3.5318 4.6028e-05 1.182e-05 0 15.163 3.2942e+05 3.8939
4.2177 5.9475e-05 1.3386e-05 0 19.74 3.319e+05 4.4429
4.9036 0.00010031 1.7386e-05 0 33.288 3.3185e+05 5.7696
5.5895 0.00010212 1.7521e-05 0 33.969 3.3265e+05 5.8283
6.2753 9.392e-05 1.681e-05 0 31.215 3.3236e+05 5.587
6.9612 8.7619e-05 1.6247e-05 0 29.085 3.3195e+05 5.393
7.6471 0.00010463 1.7765e-05 0 34.687 3.3152e+05 5.8895
8.333 0.00018208 2.3449e-05 0 60.297 3.3115e+05 7.7651
9.0189 0.00012929 1.977e-05 0 42.769 3.308e+05 6.5398
9.7048 0.00014418 2.0857e-05 0 47.791 3.3146e+05 6.9131
10.391 0.00015871 2.191e-05 0 52.475 3.3062e+05 7.244
11.077 0.00011127 1.8396e-05 0 36.584 3.2879e+05 6.0485
11.762 0.00010153 1.7596e-05 0 33.295 3.2792e+05 5.7702
12.448 0.00011108 1.8423e-05 0 36.353 3.2728e+05 6.0293
13.134 9.134e-05 1.6732e-05 0 29.8 3.2625e+05 5.4589
13.82 0.000102 1.7736e-05 0 33.074 3.2426e+05 5.751
14.506 5.5259e-05 1.3116e-05 0 17.75 3.2122e+05 4.2131
15.192 7.6988e-05 1.549e-05 0 24.703 3.2087e+05 4.9702
15.878 7.3973e-05 1.5257e-05 0 23.507 3.1778e+05 4.8484
16.564 1.8801e-05 7.7597e-06 0 5.8706 3.1224e+05 2.4229
17.249 2.1799e-05 8.4456e-06 0 6.6621 3.0562e+05 2.5811
17.935 2.4889e-05 9.0426e-06 0 7.5755 3.0438e+05 2.7524
18.621 4.9835e-05 1.2764e-05 0 15.244 3.059e+05 3.9044
19.307 4.6182e-05 1.2181e-05 0 14.375 3.1128e+05 3.7915
19.993 3.6123e-05 1.0691e-05 0 11.416 3.1603e+05 3.3788
20.679 3.2926e-05 1.0151e-05 0 10.52 3.1952e+05 3.2435
21.365 3.9887e-05 1.1143e-05 0 12.812 3.2122e+05 3.5794
22.051 3.6161e-05 1.0607e-05 0 11.621 3.2138e+05 3.409
22.737 2.5098e-05 8.8339e-06 0 8.0719 3.2162e+05 2.8411
23.422 3.1322e-05 9.8587e-06 0 10.094 3.2226e+05 3.1771
24.108 4.7107e-05 1.2063e-05 0 15.25 3.2373e+05 3.9051
24.794 4.984e-05 1.2418e-05 0 16.108 3.232e+05 4.0135
25.48 5.9077e-05 1.3567e-05 0 18.962 3.2096e+05 4.3545
26.166 5.8548e-05 1.3549e-05 0 18.672 3.1892e+05 4.3211
26.852 5.0644e-05 1.2637e-05 0 16.061 3.1713e+05 4.0076
27.538 6.1275e-05 1.3929e-05 0 19.351 3.1581e+05 4.399
28.224 8.1952e-05 1.6079e-05 0 25.977 3.1698e+05 5.0968
28.909 0.00012091 1.9505e-05 0 38.427 3.1781e+05 6.199
29.595 0.00014585 2.1442e-05 0 46.268 3.1723e+05 6.802
30.281 0.0001343 2.0564e-05 0 42.652 3.1758e+05 6.5309
30.967 0.00015949 2.2389e-05 0 50.747 3.1818e+05 7.1237
31.653 0.0001623 2.2603e-05 0 51.559 3.1768e+05 7.1805
32.339 0.00016933 2.3103e-05 0 53.72 3.1725e+05 7.3294
33.025 0.00018539 2.4225e-05 0 58.566 3.159e+05 7.6528
33.711 0.00027218 2.9529e-05 0 84.96 3.1215e+05 9.2174
34.397 0.00034447 3.349e-05 0 105.8 3.0713e+05 10.286
35.082 0.00040833 3.6658e-05 0 124.07 3.0386e+05 11.139
35.768 0.00041406 3.6973e-05 0 125.42 3.029e+05 11.199
36.454 0.00032522 3.2828e-05 0 98.146 3.0178e+05 9.9069
37.14 0.00021897 2.71e-05 0 65.284 2.9814e+05 8.0798
37.826 0.00016552 2.3657e-05 0 48.95 2.9574e+05 6.9964
38.512 0.00016013 2.3298e-05 0 47.236 2.9499e+05 6.8729
39.198 9.4992e-05 1.7907e-05 0 28.141 2.9624e+05 5.3048
39.884 9.6554e-05 1.8043e-05 0 28.636 2.9658e+05 5.3513
40.57 5.5068e-05 1.3658e-05 0 16.257 2.9522e+05 4.032
41.255 6.0348e-05 1.439e-05 0 17.586 2.9142e+05 4.1936
41.941 3.6808e-05 1.1256e-05 0 10.694 2.9053e+05 3.2701
42.627 4.3281e-05 1.2132e-05 0 12.728 2.9407e+05 3.5676
43.313 5.0106e-05 1.2993e-05 0 14.872 2.9682e+05 3.8565
43.999 2.0273e-05 8.2703e-06 0 6.0088 2.9639e+05 2.4513
44.685 4.0874e-05 1.1756e-05 0 12.088 2.9574e+05 3.4768
45.371 2.414e-05 9.0644e-06 0 7.0926 2.9381e+05 2.6632
46.057 3.1645e-05 1.0387e-05 0 9.2826 2.9333e+05 3.0467
46.742 2.9485e-05 1.0018e-05 0 8.6619 2.9377e+05 2.9431
47.428 3.2792e-05 1.0483e-05 0 9.7851 2.984e+05 3.1281
48.114 1.8949e-05 7.9109e-06 0 5.7373 3.0278e+05 2.3953
48.8 2.7667e-05 9.5844e-06 0 8.3332 3.0119e+05 2.8867
49.486 2.4135e-05 9.0391e-06 0 7.1294 2.9539e+05 2.6701
50.172 2.3687e-05 8.9823e-06 0 6.9544 2.9359e+05 2.6371
50.858 3.2567e-05 1.05e-05 0 9.6207 2.9541e+05 3.1017
51.544 2.322e-05 8.8064e-06 0 6.952 2.994e+05 2.6367
52.23 8.9588e-06 5.4677e-06 0 2.6846 2.9966e+05 1.6385
52.915 3.7757e-05 1.1167e-05 0 11.433 3.028e+05 3.3812
53.601 2.4064e-05 8.8672e-06 0 7.3649 3.0605e+05 2.7138
54.287 4.1918e-05 1.1703e-05 0 12.831 3.0609e+05 3.582
54.973 5.3311e-05 1.2788e-05 0 17.379 3.26e+05 4.1688
55.659 7.4609e-05 1.9933e-05 0 14.01 1.8778e+05 3.743
56.352 7.9512e-05 2.0398e-05 0 15.194 1.9109e+05 3.898
57.046 0.0001383 2.6965e-05 0 26.303 1.902e+05 5.1287
57.739 0.00022288 3.4166e-05 0 42.555 1.9093e+05 6.5235
58.432 0.00037482 4.4578e-05 0 70.697 1.8861e+05 8.4081
59.126 0.00060981 5.7326e-05 0 113.16 1.8556e+05 10.638
59.819 0.00080304 6.5794e-05 0 148.97 1.8551e+05 12.205
60.512 0.00079819 6.6043e-05 0 146.07 1.83e+05 12.086
61.206 0.00055182 5.5745e-05 0 97.989 1.7757e+05 9.8989
61.899 0.00035433 4.5636e-05 0 60.285 1.7014e+05 7.7643
62.592 0.00022135 3.6613e-05 0 36.549 1.6512e+05 6.0455
63.286 0.00012437 2.737e-05 0 20.65 1.6603e+05 4.5442
63.979 4.7426e-05 1.6921e-05 0 7.8553 1.6563e+05 2.8027
64.673 1.9207e-05 1.0725e-05 0 3.207 1.6697e+05 1.7908
65.366 6.3322e-05 1.9062e-05 0 11.035 1.7427e+05 3.322
66.059 6.4568e-05 1.8832e-05 0 11.756 1.8207e+05 3.4287
66.753 3.1614e-05 1.2906e-05 0 6 1.8979e+05 2.4495
67.446 3.1106e-05 1.2667e-05 0 6.0304 1.9387e+05 2.4557
68.139 3.4834e-05 1.3311e-05 0 6.8489 1.9661e+05 2.617
68.833 2.1648e-05 1.0494e-05 0 4.2559 1.9659e+05 2.063
69.526 4.5543e-05 1.522e-05 0 8.9538 1.966e+05 2.9923
70.219 4.0001e-05 1.4352e-05 0 7.7683 1.942e+05 2.7872
70.913 1.5633e-05 9.0256e-06 0 3 1.9191e+05 1.7321
71.606 1.5937e-05 9.1268e-06 0 3.0493 1.9133e+05 1.7462
72.299 2.0715e-05 1.0414e-05 0 3.9562 1.9099e+05 1.989
72.993 1.4998e-05 8.8312e-06 0 2.8841 1.9231e+05 1.6983
73.686 6.544e-06 5.8651e-06 0 1.2449 1.9024e+05 1.1158
74.38 3.0685e-05 1.2779e-05 0 5.7657 1.879e+05 2.4012
75.073 1.0326e-05 7.4155e-06 0 1.9391 1.8779e+05 1.3925
