-2.951 1.023e-05 7.2335e-06 0 2 1.9551e+05 1.4142
-2.2437 8.5135e-05 1.5769e-05 0 29.146 3.4235e+05 5.3987
-1.5577 0.0001657 2.184e-05 0 57.561 3.4738e+05 7.5869
-0.87164 0.00027468 2.782e-05 0 97.482 3.549e+05 9.8733
-0.1856 0.00034796 3.1142e-05 0 124.85 3.588e+05 11.174
0.50043 0.00034177 2.9644e-05 0 132.92 3.8893e+05 11.529
1.1865 0.00024599 2.4136e-05 0 103.88 4.2229e+05 10.192
1.8725 0.00017699 2.0375e-05 0 75.452 4.2631e+05 8.6863
2.5585 0.00010351 1.5533e-05 0 44.403 4.2898e+05 6.6636
3.2446 6.2497e-05 1.2068e-05 0 26.82 4.2915e+05 5.1789
3.9306 4.7202e-05 1.0511e-05 0 20.166 4.2722e+05 4.4906
4.6166 3.1685e-05 8.6406e-06 0 13.447 4.244e+05 3.667
5.3027 3.419e-05 9.0383e-06 0 14.31 4.1853e+05 3.7828
5.9887 2.6003e-05 7.9427e-06 0 10.718 4.1218e+05 3.2738
6.6747 2.1975e-05 7.3583e-06 0 8.9184 4.0585e+05 2.9864
7.3607 2.2514e-05 7.4844e-06 0 9.0488 4.0192e+05 3.0081
8.0468 2.2552e-05 7.5173e-06 0 9 3.9908e+05 3
8.7328 1.8206e-05 6.7578e-06 0 7.2584 3.9867e+05 2.6941
9.4188 8.0281e-06 4.4705e-06 0 3.2249 4.017e+05 1.7958
10.105 6.5289e-06 4.0279e-06 0 2.6274 4.0242e+05 1.6209
10.791 1.0356e-05 5.1146e-06 0 4.0996 3.9588e+05 2.0247
11.477 7.4395e-06 4.3802e-06 0 2.8847 3.8776e+05 1.6984
12.163 7.711e-06 4.4893e-06 0 2.9503 3.826e+05 1.7176
12.849 1.0147e-05 5.199e-06 0 3.8092 3.7541e+05 1.9517
13.535 8.3747e-06 4.7434e-06 0 3.1171 3.7221e+05 1.7655
14.221 9.1416e-06 4.9664e-06 0 3.3882 3.7063e+05 1.8407
14.907 7.7552e-06 4.5699e-06 0 2.8799 3.7135e+05 1.697
15.593 2.8306e-06 2.7528e-06 0 1.0573 3.7353e+05 1.0283
16.279 6.818e-06 4.2899e-06 0 2.5259 3.7048e+05 1.5893
16.965 5.3501e-06 3.8279e-06 0 1.9534 3.6512e+05 1.3977
17.651 6.0024e-06 4.0823e-06 0 2.1619 3.6017e+05 1.4703
18.337 1.13e-05 7.1772e-06 0 2.4787 2.1936e+05 1.5744
19.023 1.3873e-05 7.9373e-06 0 3.0549 2.2021e+05 1.7478
19.709 1.3409e-05 7.7963e-06 0 2.9583 2.2061e+05 1.72
20.395 6.7484e-06 5.5291e-06 0 1.4897 2.2075e+05 1.2205
21.081 1.6053e-05 8.5287e-06 0 3.543 2.207e+05 1.8823
21.767 1.5647e-05 8.4137e-06 0 3.4587 2.2104e+05 1.8597
22.453 2.262e-06 3.1972e-06 0 0.50052 2.2128e+05 0.70747
23.139 2.2177e-06 3.1682e-06 0 0.48998 2.2094e+05 0.69999
23.826 1.1233e-05 7.1303e-06 0 2.4817 2.2094e+05 1.5753
24.512 9.1581e-06 6.4456e-06 0 2.0188 2.2043e+05 1.4208
25.198 2.2404e-06 3.1916e-06 0 0.49278 2.1995e+05 0.70198
25.884 6.8053e-06 5.5721e-06 0 1.4916 2.1919e+05 1.2213
26.57 1.5941e-05 8.5545e-06 0 3.4725 2.1783e+05 1.8635
27.256 1.6329e-05 8.6928e-06 0 3.5287 2.161e+05 1.8785
27.942 7.1431e-06 5.79e-06 0 1.522 2.1308e+05 1.2337
28.628 9.2055e-06 6.5942e-06 0 1.9488 2.117e+05 1.396
29.314 1.1843e-05 7.4529e-06 0 2.5249 2.1321e+05 1.589
30 1.1481e-05 7.3102e-06 0 2.4667 2.1485e+05 1.5706
30.686 1.3856e-05 7.9997e-06 0 3 2.1652e+05 1.7321
31.372 7.468e-06 5.858e-06 0 1.6252 2.1762e+05 1.2748
32.058 8.3771e-06 6.1965e-06 0 1.8277 2.1817e+05 1.3519
32.744 2.0335e-05 9.6304e-06 0 4.4587 2.1926e+05 2.1116
33.43 2.0657e-05 9.6921e-06 0 4.5425 2.199e+05 2.1313
34.116 2.6658e-05 1.1034e-05 0 5.837 2.1896e+05 2.416
34.802 3.0588e-05 1.187e-05 0 6.6406 2.171e+05 2.5769
35.488 2.1243e-05 9.9604e-06 0 4.5485 2.1412e+05 2.1327
36.174 2.1027e-05 9.9662e-06 0 4.4514 2.117e+05 2.1098
36.86 3.2402e-05 1.2424e-05 0 6.8022 2.0993e+05 2.6081
37.546 4.3708e-05 1.4569e-05 0 9 2.0591e+05 3
38.232 5.8424e-05 1.7112e-05 0 11.656 1.9951e+05 3.4141
38.918 6.0805e-05 1.7635e-05 0 11.889 1.9552e+05 3.448
39.604 8.3559e-05 2.0662e-05 0 16.355 1.9573e+05 4.0442
40.29 0.00014936 2.7642e-05 0 29.197 1.9548e+05 5.4035
40.976 0.0001478 2.7466e-05 0 28.957 1.9592e+05 5.3812
41.662 0.00012351 2.492e-05 0 24.565 1.9889e+05 4.9563
42.348 0.00011869 2.4227e-05 0 24 2.0222e+05 4.899
43.034 0.00011293 2.3479e-05 0 23.135 2.0486e+05 4.8099
43.72 9.9862e-05 2.1947e-05 0 20.703 2.0732e+05 4.5501
44.406 9.7721e-05 2.169e-05 0 20.298 2.0772e+05 4.5054
45.093 0.0001139 2.3379e-05 0 23.737 2.084e+05 4.8721
45.779 0.00010931 2.2822e-05 0 22.939 2.0986e+05 4.7894
46.465 9.2302e-05 2.0934e-05 0 19.44 2.1061e+05 4.4091
47.151 0.00010296 2.2069e-05 0 21.763 2.1139e+05 4.6651
47.837 0.00010253 2.1956e-05 0 21.809 2.127e+05 4.67
48.523 6.8317e-05 1.7832e-05 0 14.677 2.1484e+05 3.8311
49.209 4.1737e-05 1.3912e-05 0 9 2.1564e+05 3
49.895 3.375e-05 1.2515e-05 0 7.2726 2.1548e+05 2.6968
50.581 3.1091e-05 1.2001e-05 0 6.7124 2.1589e+05 2.5908
51.267 3.1885e-05 1.2151e-05 0 6.8859 2.1596e+05 2.6241
51.953 2.0457e-05 9.7257e-06 0 4.4242 2.1627e+05 2.1034
52.639 2.8894e-05 1.1542e-05 0 6.2671 2.169e+05 2.5034
53.325 3.2987e-05 1.2334e-05 0 7.1532 2.1685e+05 2.6746
54.011 2.1825e-05 1.0042e-05 0 4.7233 2.1641e+05 2.1733
54.697 2.1716e-05 1.0017e-05 0 4.6997 2.1641e+05 2.1679
55.383 2.4409e-05 1.0618e-05 0 5.285 2.1652e+05 2.2989
56.069 2.7533e-05 1.129e-05 0 5.9478 2.1602e+05 2.4388
56.755 3.4691e-05 1.2686e-05 0 7.4773 2.1554e+05 2.7345
57.441 1.8542e-05 9.2709e-06 0 4 2.1573e+05 2
