-6.0346 1.4561e-05 8.4071e-06 0 3 2.0602e+05 1.7321
-5.316 9.606e-06 4.2393e-06 0 5.1344 5.345e+05 2.2659
-4.6238 1.3502e-05 5.0092e-06 0 7.2654 5.381e+05 2.6954
-3.9316 1.437e-05 5.1568e-06 0 7.7652 5.4037e+05 2.7866
-3.2394 3.5888e-05 8.126e-06 0 19.505 5.435e+05 4.4165
-2.5472 4.6448e-05 9.2532e-06 0 25.197 5.4247e+05 5.0196
-1.855 9.5301e-05 1.3258e-05 0 51.671 5.4218e+05 7.1882
-1.1627 0.00016621 1.7487e-05 0 90.342 5.4353e+05 9.5048
-0.47053 0.00019419 1.892e-05 0 105.34 5.4249e+05 10.264
0.22169 0.00018649 1.8521e-05 0 101.39 5.4368e+05 10.069
0.9139 0.00015987 1.7223e-05 0 86.152 5.3891e+05 9.2818
1.6061 9.3846e-05 1.3226e-05 0 50.345 5.3647e+05 7.0954
2.2983 5.446e-05 1.0087e-05 0 29.148 5.3522e+05 5.3989
2.9905 3.7192e-05 8.3581e-06 0 19.801 5.324e+05 4.4499
3.6828 3.3358e-05 7.932e-06 0 17.686 5.3019e+05 4.2055
4.375 3.0636e-05 7.6292e-06 0 16.126 5.2636e+05 4.0157
5.0672 3.7128e-05 8.4452e-06 0 19.328 5.2057e+05 4.3964
5.7594 3.7886e-05 8.5631e-06 0 19.575 5.1668e+05 4.4244
6.4516 4.9565e-05 9.6524e-06 0 26.368 5.3199e+05 5.135
7.1438 6.5453e-05 1.0792e-05 0 36.781 5.6196e+05 6.0648
7.836 9.0564e-05 1.2711e-05 0 50.764 5.6053e+05 7.1249
8.5283 0.0001526 1.6538e-05 0 85.141 5.5792e+05 9.2272
9.2205 0.00019833 1.8859e-05 0 110.6 5.5766e+05 10.517
9.9127 0.00021615 1.9678e-05 0 120.65 5.5819e+05 10.984
10.605 0.00023712 2.0573e-05 0 132.84 5.6025e+05 11.526
11.297 0.00017018 1.7419e-05 0 95.452 5.6089e+05 9.77
11.989 0.00013643 1.558e-05 0 76.685 5.6207e+05 8.757
12.682 9.5432e-05 1.3017e-05 0 53.752 5.6325e+05 7.3316
13.374 6.1395e-05 1.0464e-05 0 34.424 5.6069e+05 5.8672
14.066 4.3123e-05 8.7666e-06 0 24.197 5.6111e+05 4.919
14.758 4.7057e-05 1.1649e-05 0 16.319 3.4679e+05 4.0397
15.45 3.077e-05 9.4244e-06 0 10.66 3.4644e+05 3.265
16.143 2.4057e-05 8.3471e-06 0 8.3064 3.4528e+05 2.8821
16.835 3.1606e-05 9.5821e-06 0 10.88 3.4423e+05 3.2985
17.527 3.2299e-05 9.7252e-06 0 11.03 3.415e+05 3.3212
18.219 2.4326e-05 8.4567e-06 0 8.2744 3.4015e+05 2.8765
18.911 2.0654e-05 7.8071e-06 0 6.9989 3.3886e+05 2.6455
19.604 1.8233e-05 7.3804e-06 0 6.1032 3.3474e+05 2.4705
20.296 1.5172e-05 6.7297e-06 0 5.0829 3.3501e+05 2.2545
20.988 1.1321e-05 5.7419e-06 0 3.8877 3.4339e+05 1.9717
21.68 2.2314e-05 8.057e-06 0 7.6705 3.4375e+05 2.7696
22.373 3.8151e-05 1.053e-05 0 13.127 3.4409e+05 3.6232
23.065 2.7386e-05 8.9296e-06 0 9.4057 3.4345e+05 3.0669
23.757 2.4082e-05 8.3996e-06 0 8.2197 3.4132e+05 2.867
24.449 3.3015e-05 9.883e-06 0 11.159 3.3801e+05 3.3405
25.141 2.6987e-05 8.9651e-06 0 9.0611 3.3576e+05 3.0102
25.834 3.0266e-05 9.5145e-06 0 10.119 3.3433e+05 3.181
26.526 4.6592e-05 1.1801e-05 0 15.589 3.3458e+05 3.9483
27.218 5.5315e-05 1.6874e-05 0 10.746 1.9427e+05 3.2781
27.912 7.0602e-05 1.9074e-05 0 13.702 1.9407e+05 3.7016
28.606 8.2752e-05 2.0688e-05 0 16 1.9335e+05 4
29.3 8.5451e-05 2.1053e-05 0 16.474 1.9279e+05 4.0589
29.994 9.5133e-05 2.2281e-05 0 18.231 1.9163e+05 4.2698
30.688 0.00010193 2.2972e-05 0 19.688 1.9315e+05 4.4371
31.382 0.00011347 2.4193e-05 0 22 1.9388e+05 4.6904
32.075 0.00012804 2.571e-05 0 24.801 1.937e+05 4.9801
32.769 0.00019584 3.1753e-05 0 38.039 1.9423e+05 6.1676
33.463 0.00026775 3.6995e-05 0 52.38 1.9563e+05 7.2374
34.157 0.00033106 4.1212e-05 0 64.528 1.9492e+05 8.0329
34.851 0.00046066 4.8579e-05 0 89.921 1.952e+05 9.4827
35.545 0.00045671 4.86e-05 0 88.313 1.9337e+05 9.3975
36.239 0.00037092 4.3681e-05 0 72.106 1.944e+05 8.4915
36.933 0.00031458 4.0214e-05 0 61.194 1.9452e+05 7.8227
37.627 0.00017515 3.0005e-05 0 34.074 1.9455e+05 5.8373
38.321 0.00013669 2.6387e-05 0 26.834 1.9631e+05 5.1802
39.015 6.3787e-05 1.7956e-05 0 12.62 1.9785e+05 3.5525
39.708 7.1473e-05 1.8966e-05 0 14.201 1.9869e+05 3.7684
40.402 4.565e-05 1.5115e-05 0 9.1213 1.9981e+05 3.0202
41.096 1.82e-05 9.5366e-06 0 3.6421 2.0012e+05 1.9084
41.79 4.689e-05 1.5271e-05 0 9.4287 2.0108e+05 3.0706
42.484 3.3911e-05 1.3003e-05 0 6.8011 2.0056e+05 2.6079
43.178 2.8868e-05 1.1989e-05 0 5.7978 2.0083e+05 2.4079
43.872 2.4941e-05 1.1154e-05 0 5 2.0047e+05 2.2361
44.566 2.5048e-05 1.1202e-05 0 5 1.9962e+05 2.2361
45.26 2.5134e-05 1.124e-05 0 5 1.9894e+05 2.2361
45.954 2.427e-05 1.1093e-05 0 4.7869 1.9723e+05 2.1879
46.648 2.3836e-05 1.108e-05 0 4.6282 1.9417e+05 2.1513
47.342 3.2725e-05 1.3129e-05 0 6.2127 1.8984e+05 2.4925
48.035 1.6176e-05 9.3394e-06 0 3 1.8546e+05 1.7321
48.729 1.8619e-05 1.0087e-05 0 3.407 1.8298e+05 1.8458
49.423 2.3995e-05 1.1478e-05 0 4.3701 1.8213e+05 2.0905
50.117 1.4558e-05 9.0133e-06 0 2.6086 1.7919e+05 1.6151
50.811 2.5584e-05 1.1982e-05 0 4.5589 1.7819e+05 2.1352
51.505 2.4186e-05 1.1665e-05 0 4.2987 1.7774e+05 2.0733
52.199 4.5137e-05 1.5868e-05 0 8.0913 1.7926e+05 2.8445
52.893 2.4644e-05 1.1791e-05 0 4.368 1.7724e+05 2.09
53.587 1.1347e-05 8.0239e-06 0 2 1.7625e+05 1.4142
54.281 1.1484e-05 8.1202e-06 0 2 1.7416e+05 1.4142
54.975 2.0082e-05 1.0696e-05 0 3.5252 1.7554e+05 1.8776
55.668 5.8911e-05 1.8122e-05 0 10.567 1.7938e+05 3.2507
56.362 9.3264e-05 2.239e-05 0 17.351 1.8604e+05 4.1654
57.056 0.00013577 2.6846e-05 0 25.577 1.8838e+05 5.0574
57.75 0.00024198 3.5875e-05 0 45.497 1.8802e+05 6.7452
58.444 0.00042197 4.7639e-05 0 78.46 1.8594e+05 8.8578
59.138 0.00057759 5.6106e-05 0 105.98 1.8348e+05 10.295
59.832 0.00071163 6.3016e-05 0 127.53 1.792e+05 11.293
60.526 0.00069312 6.2907e-05 0 121.4 1.7515e+05 11.018
61.22 0.00044232 5.0519e-05 0 76.661 1.7331e+05 8.7556
61.914 0.0003135 4.2401e-05 0 54.667 1.7438e+05 7.3937
62.608 0.00018739 3.2659e-05 0 32.924 1.7569e+05 5.7379
63.301 8.3912e-05 2.1828e-05 0 14.779 1.7612e+05 3.8443
63.995 4.237e-05 1.5452e-05 0 7.5186 1.7745e+05 2.742
64.689 3.5344e-05 1.4149e-05 0 6.2399 1.7655e+05 2.498
65.383 3.8143e-05 1.4666e-05 0 6.7639 1.7733e+05 2.6007
66.077 3.1815e-05 1.3255e-05 0 5.7613 1.8109e+05 2.4003
66.771 2.4502e-05 1.1486e-05 0 4.5507 1.8573e+05 2.1332
67.465 1.7121e-05 9.524e-06 0 3.2315 1.8875e+05 1.7976
68.159 2.0872e-05 1.0436e-05 0 4 1.9164e+05 2
68.853 2.1872e-05 1.0604e-05 0 4.2546 1.9452e+05 2.0627
69.547 3.3327e-05 1.306e-05 0 6.512 1.954e+05 2.5519
70.241 4.8805e-05 1.5837e-05 0 9.4967 1.9458e+05 3.0817
70.935 2.3103e-05 1.0898e-05 0 4.4939 1.9452e+05 2.1199
71.628 1.6587e-05 9.2109e-06 0 3.243 1.9551e+05 1.8008
72.322 2.0412e-05 1.0206e-05 0 4 1.9596e+05 2
73.016 1.7892e-05 9.553e-06 0 3.5079 1.9606e+05 1.8729
73.71 1.1522e-05 7.6748e-06 0 2.254 1.9562e+05 1.5013
74.404 1.4e-05 8.4527e-06 0 2.7433 1.9595e+05 1.6563
75.098 1.8182e-05 9.6334e-06 0 3.5624 1.9593e+05 1.8874
