-5.6522 7.3362e-06 7.3362e-06 0 1 1.3631e+05 1
-4.9584 6.1359e-06 3.3757e-06 0 3.3038 5.3844e+05 1.8176
-4.2647 1.7115e-05 5.6329e-06 0 9.2317 5.394e+05 3.0384
-3.5709 2.39e-05 6.6646e-06 0 12.861 5.3809e+05 3.5862
-2.8772 2.3056e-05 6.5587e-06 0 12.357 5.3597e+05 3.5153
-2.1835 4.9334e-05 9.6045e-06 0 26.384 5.348e+05 5.1365
-1.4897 8.2069e-05 1.2414e-05 0 43.707 5.3257e+05 6.6112
-0.79598 0.00013541 1.599e-05 0 71.713 5.2959e+05 8.4683
-0.10224 0.00018644 1.8799e-05 0 98.355 5.2754e+05 9.9174
0.5915 0.00016442 1.775e-05 0 85.806 5.2188e+05 9.2632
1.2852 9.8086e-05 1.3765e-05 0 50.776 5.1766e+05 7.1257
1.979 5.3893e-05 1.0239e-05 0 27.704 5.1405e+05 5.2634
2.6727 2.2117e-05 6.4187e-06 0 11.873 5.3683e+05 3.4457
3.3665 3.1353e-05 7.6593e-06 0 16.756 5.3444e+05 4.0934
4.0602 3.0345e-05 7.5396e-06 0 16.198 5.338e+05 4.0247
4.7539 1.6076e-05 5.5003e-06 0 8.5431 5.314e+05 2.9229
5.4477 1.2997e-05 4.951e-06 0 6.8914 5.3022e+05 2.6251
6.1414 8.6079e-06 4.0483e-06 0 4.521 5.2522e+05 2.1263
6.8352 1.0025e-05 4.3727e-06 0 5.2561 5.243e+05 2.2926
7.5289 1.1756e-05 4.7457e-06 0 6.137 5.2202e+05 2.4773
8.2226 5.6819e-06 3.328e-06 0 2.9149 5.1302e+05 1.7073
8.9164 1.324e-05 5.1386e-06 0 6.6388 5.0142e+05 2.5766
9.6101 1.2399e-05 4.8466e-06 0 6.5454 5.2788e+05 2.5584
10.304 9.4649e-06 4.2226e-06 0 5.0241 5.3082e+05 2.2415
10.998 1.4191e-05 5.1815e-06 0 7.5007 5.2856e+05 2.7387
11.691 1.4635e-05 5.2855e-06 0 7.6663 5.2385e+05 2.7688
12.385 2.8919e-05 7.451e-06 0 15.064 5.209e+05 3.8812
13.079 3.7693e-05 8.561e-06 0 19.385 5.1429e+05 4.4028
13.773 4.6166e-05 9.5169e-06 0 23.532 5.0972e+05 4.851
14.466 5.6437e-05 1.0557e-05 0 28.581 5.0642e+05 5.3461
15.16 6.4173e-05 1.1346e-05 0 31.991 4.9851e+05 5.6561
15.854 8.2015e-05 1.2899e-05 0 40.43 4.9295e+05 6.3584
16.548 7.3821e-05 1.2284e-05 0 36.115 4.8922e+05 6.0096
17.241 4.3689e-05 9.4938e-06 0 21.177 4.8472e+05 4.6018
17.935 4.6269e-05 9.78e-06 0 22.382 4.8374e+05 4.731
18.629 3.8338e-05 8.9368e-06 0 18.404 4.8003e+05 4.2899
19.322 3.5554e-05 8.5996e-06 0 17.094 4.8077e+05 4.1344
20.016 3.0156e-05 7.9937e-06 0 14.231 4.7193e+05 3.7724
20.71 2.1726e-05 6.6704e-06 0 10.608 4.8829e+05 3.257
21.404 2.1421e-05 6.6302e-06 0 10.439 4.8729e+05 3.2309
22.097 1.4392e-05 5.4444e-06 0 6.9879 4.8554e+05 2.6435
22.791 1.2111e-05 4.992e-06 0 5.8857 4.8599e+05 2.426
23.485 9.0919e-06 4.3285e-06 0 4.4119 4.8526e+05 2.1005
24.179 2.4004e-05 7.0212e-06 0 11.688 4.8692e+05 3.4188
24.872 3.2303e-05 8.1216e-06 0 15.819 4.8973e+05 3.9774
25.566 3.1426e-05 8.0419e-06 0 15.271 4.8593e+05 3.9078
26.26 1.9944e-05 6.4135e-06 0 9.6696 4.8485e+05 3.1096
26.954 2.1361e-05 6.622e-06 0 10.406 4.8713e+05 3.2258
27.647 1.9139e-05 6.265e-06 0 9.3323 4.8761e+05 3.0549
28.341 2.79e-05 7.4153e-06 0 14.157 5.074e+05 3.7625
29.035 1.8232e-05 5.9809e-06 0 9.293 5.097e+05 3.0484
29.729 3.511e-05 8.2662e-06 0 18.041 5.1383e+05 4.2474
30.422 3.2387e-05 1.008e-05 0 10.323 3.1873e+05 3.2129
31.116 4.2139e-05 1.152e-05 0 13.38 3.1753e+05 3.6579
31.81 6.1066e-05 1.3886e-05 0 19.339 3.1669e+05 4.3976
32.504 6.11e-05 1.3958e-05 0 19.161 3.136e+05 4.3774
33.197 7.1804e-05 1.5145e-05 0 22.479 3.1306e+05 4.7412
33.891 6.7999e-05 1.477e-05 0 21.195 3.1169e+05 4.6038
34.585 8.9232e-05 1.691e-05 0 27.846 3.1207e+05 5.277
35.279 0.0001064 1.8537e-05 0 32.948 3.0966e+05 5.74
35.972 9.5636e-05 1.7614e-05 0 29.48 3.0825e+05 5.4295
36.666 0.00012922 2.0518e-05 0 39.666 3.0696e+05 6.2981
37.36 0.00014126 2.1479e-05 0 43.251 3.0619e+05 6.5766
38.053 0.00016013 2.2918e-05 0 48.822 3.0488e+05 6.9872
38.747 0.0002751 3.0115e-05 0 83.446 3.0333e+05 9.1349
39.441 0.00035657 3.4294e-05 0 108.11 3.0318e+05 10.397
40.135 0.00050309 4.1052e-05 0 150.19 2.9853e+05 12.255
40.828 0.00071634 4.9217e-05 0 211.84 2.9573e+05 14.555
41.522 0.00068877 4.6727e-05 0 217.28 3.1545e+05 14.74
42.216 0.00072601 4.7802e-05 0 230.67 3.1772e+05 15.188
42.91 0.00066735 4.5935e-05 0 211.07 3.1628e+05 14.528
43.603 0.00067289 4.6188e-05 0 212.25 3.1543e+05 14.569
44.297 0.00049496 3.9613e-05 0 156.12 3.1542e+05 12.495
44.991 0.00041679 3.648e-05 0 130.53 3.1319e+05 11.425
45.685 0.00042281 3.6797e-05 0 132.03 3.1226e+05 11.49
46.378 0.00038243 3.4965e-05 0 119.63 3.1282e+05 10.938
47.072 0.00034505 3.349e-05 0 106.15 3.0764e+05 10.303
47.766 0.00034602 3.3595e-05 0 106.08 3.0659e+05 10.3
48.46 0.00024304 2.8171e-05 0 74.427 3.0624e+05 8.6271
49.153 0.00019506 2.527e-05 0 59.581 3.0545e+05 7.7189
49.847 0.00018111 2.4534e-05 0 54.491 3.0088e+05 7.3818
50.541 0.0001207 1.9914e-05 0 36.739 3.0437e+05 6.0613
51.235 0.00011081 1.9115e-05 0 33.602 3.0325e+05 5.7967
51.928 8.9834e-05 1.7198e-05 0 27.286 3.0373e+05 5.2236
52.622 8.0386e-05 1.6183e-05 0 24.674 3.0694e+05 4.9673
53.316 6.9656e-05 1.5088e-05 0 21.313 3.0598e+05 4.6166
54.01 7.2632e-05 1.5352e-05 0 22.384 3.0818e+05 4.7311
54.703 5.369e-05 1.3194e-05 0 16.559 3.0842e+05 4.0693
55.397 5.5082e-05 1.3368e-05 0 16.977 3.0822e+05 4.1204
56.091 3.5935e-05 1.0845e-05 0 10.979 3.0551e+05 3.3134
56.784 3.0559e-05 1.0061e-05 0 9.2254 3.0188e+05 3.0373
57.478 3.199e-05 1.0349e-05 0 9.5555 2.987e+05 3.0912
58.172 3.692e-05 1.114e-05 0 10.984 2.9751e+05 3.3142
58.866 6.2209e-05 1.4548e-05 0 18.286 2.9394e+05 4.2762
59.559 3.8018e-05 1.1047e-05 0 11.843 3.1152e+05 3.4414
60.253 5.4052e-05 1.3057e-05 0 17.137 3.1705e+05 4.1397
60.947 8.6239e-05 1.648e-05 0 27.383 3.1752e+05 5.2329
61.641 0.00011354 1.8841e-05 0 36.314 3.1984e+05 6.0261
62.334 0.00019601 2.4775e-05 0 62.597 3.1935e+05 7.9118
63.028 0.00022075 2.6291e-05 0 70.501 3.1937e+05 8.3965
63.722 0.00029766 3.0559e-05 0 94.876 3.1874e+05 9.7404
64.416 0.00038992 3.4906e-05 0 124.78 3.2002e+05 11.171
65.109 0.00038662 3.4735e-05 0 123.89 3.2044e+05 11.131
65.803 0.00039965 3.5301e-05 0 128.17 3.2071e+05 11.321
66.497 0.00031663 3.1404e-05 0 101.66 3.2106e+05 10.083
67.191 0.00029714 3.0017e-05 0 97.992 3.2978e+05 9.8991
67.884 0.00015724 2.1762e-05 0 52.204 3.3201e+05 7.2252
68.578 0.00012772 1.9447e-05 0 43.13 3.3771e+05 6.5674
69.272 9.3226e-05 1.6641e-05 0 31.386 3.3666e+05 5.6023
69.966 6.4189e-05 1.3772e-05 0 21.724 3.3844e+05 4.6609
70.659 2.8646e-05 9.1659e-06 0 9.7672 3.4096e+05 3.1253
71.353 3.219e-05 9.7133e-06 0 10.983 3.4119e+05 3.3141
72.047 3.7061e-05 1.0425e-05 0 12.638 3.41e+05 3.555
72.741 2.5029e-05 8.5404e-06 0 8.5886 3.4315e+05 2.9306
73.434 2.2997e-05 8.1899e-06 0 7.8847 3.4286e+05 2.808
74.128 2.8793e-05 9.1656e-06 0 9.8683 3.4273e+05 3.1414
74.822 3.4082e-05 1.0006e-05 0 11.602 3.4041e+05 3.4061
75.515 2.7858e-05 1.1805e-05 0 5.5685 1.9989e+05 2.3598
