 -2.1497e+01   8.1562e-05   2.1059e-05   1.3207e-05   1.0202e-05   3.0050e-06   6.9814e-04
 -2.0885e+01   3.2471e-05   1.3256e-05   1.3890e-05   1.0766e-05   3.1237e-06   7.3677e-04
 -2.0205e+01   6.4906e-05   1.8737e-05   1.4718e-05   1.1453e-05   3.2651e-06   7.8382e-04
 -1.9513e+01   1.1909e-04   2.5391e-05   1.5648e-05   1.2227e-05   3.4207e-06   8.3688e-04
 -1.8827e+01   1.4509e-04   2.7924e-05   1.6667e-05   1.3080e-05   3.5875e-06   8.9532e-04
 -1.8143e+01   2.9031e-04   3.9506e-05   1.7793e-05   1.4026e-05   3.7675e-06   9.6016e-04
 -1.7458e+01   4.0525e-04   4.6794e-05   1.9053e-05   1.5089e-05   3.9637e-06   1.0330e-03
 -1.6785e+01   5.4808e-04   5.4536e-05   2.0431e-05   1.6258e-05   4.1729e-06   1.1132e-03
 -1.6086e+01   6.6556e-04   6.0011e-05   2.2043e-05   1.7632e-05   4.4105e-06   1.2074e-03
 -1.5387e+01   5.2907e-04   5.3444e-05   2.3864e-05   1.9194e-05   4.6705e-06   1.3145e-03
 -1.4715e+01   3.0517e-04   4.0780e-05   2.5852e-05   2.0907e-05   4.9449e-06   1.4321e-03
 -1.4024e+01   1.6934e-04   3.0414e-05   2.8183e-05   2.2928e-05   5.2550e-06   1.5708e-03
 -1.3344e+01   1.4711e-04   2.8311e-05   3.0817e-05   2.5225e-05   5.5917e-06   1.7284e-03
 -1.2656e+01   1.2453e-04   2.5967e-05   3.3896e-05   2.7928e-05   5.9686e-06   1.9140e-03
 -1.1963e+01   1.0328e-04   2.3693e-05   3.7521e-05   3.1130e-05   6.3913e-06   2.1340e-03
 -1.1282e+01   1.1307e-04   2.4675e-05   4.1699e-05   3.4846e-05   6.8537e-06   2.3894e-03
 -1.0590e+01   9.1782e-05   2.2260e-05   4.6751e-05   3.9370e-05   7.3811e-06   2.7005e-03
 -9.8925e+00   1.0846e-04   2.4252e-05   5.2865e-05   4.4886e-05   7.9793e-06   3.0800e-03
 -9.2101e+00   9.7234e-05   2.2918e-05   6.0142e-05   5.1500e-05   8.6419e-06   3.5353e-03
 -8.5217e+00   7.0032e-05   1.9423e-05   6.9184e-05   5.9782e-05   9.4019e-06   4.1056e-03
 -7.8439e+00   1.3078e-04   2.6694e-05   8.0315e-05   7.0059e-05   1.0256e-05   4.8135e-03
 -7.1452e+00   1.5330e-04   2.8971e-05   9.4966e-05   8.3698e-05   1.1268e-05   5.7530e-03
 -6.4690e+00   2.1239e-04   3.4454e-05   1.1347e-04   1.0108e-04   1.2396e-05   6.9484e-03
 -5.7876e+00   1.7175e-04   3.1357e-05   1.3845e-04   1.2473e-04   1.3716e-05   8.5691e-03
 -5.1056e+00   2.5013e-04   3.8144e-05   1.7333e-04   1.5806e-04   1.5265e-05   1.0836e-02
 -4.4146e+00   3.4295e-04   4.5425e-05   2.2590e-04   2.0877e-04   1.7127e-05   1.4288e-02
 -3.7206e+00   3.9103e-04   5.0066e-05   3.1218e-04   2.9282e-04   1.9369e-05   2.0295e-02
 -3.0406e+00   3.8765e-04   5.1346e-05   4.6181e-04   4.3978e-04   2.2030e-05   3.2263e-02
 -2.2546e+00   8.2074e-04   6.6571e-05   7.8360e-04   7.5774e-04   2.5857e-05   6.3506e-02
 -1.6676e+00   1.1261e-03   7.8084e-05   1.1663e-03   1.1369e-03   2.9409e-05   1.0702e-01
 -9.7764e-01   1.7028e-03   9.6558e-05   1.7272e-03   1.6926e-03   3.4610e-05   1.8010e-01
 -2.8764e-01   2.0842e-03   1.0706e-04   2.1647e-03   2.1234e-03   4.1323e-05   2.4562e-01
  3.9536e-01   2.2061e-03   1.1058e-04   2.1307e-03   2.0806e-03   5.0092e-05   2.3865e-01
  1.0854e+00   1.7924e-03   9.9426e-05   1.6670e-03   1.6049e-03   6.2140e-05   1.6781e-01
  1.7774e+00   1.0728e-03   7.6626e-05   1.1362e-03   1.0569e-03   7.9329e-05   9.7389e-02
  2.4534e+00   6.1924e-04   5.8513e-05   7.6276e-04   6.5799e-04   1.0478e-04   5.3079e-02
  3.1494e+00   4.2397e-04   4.8633e-05   5.5870e-04   4.1000e-04   1.4870e-04   2.9689e-02
  3.8344e+00   3.5341e-04   4.4525e-05   5.0366e-04   2.7565e-04   2.2802e-04   1.9023e-02
  4.5324e+00   5.7024e-04   5.6463e-05   5.7506e-04   1.9841e-04   3.7665e-04   1.3578e-02
  5.2044e+00   7.9721e-04   6.6666e-05   7.6105e-04   1.5243e-04   6.0862e-04   1.0455e-02
  5.8844e+00   1.0900e-03   7.7855e-05   1.0254e-03   1.2089e-04   9.0450e-04   8.3067e-03
  6.5594e+00   1.1801e-03   8.0859e-05   1.2197e-03   9.8458e-05   1.1212e-03   6.7684e-03
  7.2544e+00   1.1854e-03   8.1223e-05   1.1544e-03   8.1320e-05   1.0731e-03   5.5891e-03
  7.9354e+00   8.1564e-04   6.7273e-05   8.7533e-04   6.8524e-05   8.0681e-04   4.7079e-03
  8.6264e+00   6.1353e-04   5.7973e-05   5.7651e-04   5.8399e-05   5.1811e-04   4.0104e-03
  9.3214e+00   3.2660e-04   4.2164e-05   3.6229e-04   5.0326e-05   3.1196e-04   3.4545e-03
  1.0008e+01   3.0461e-04   4.0706e-05   2.3766e-04   4.3892e-05   1.9377e-04   3.0116e-03
  1.0686e+01   1.9549e-04   3.2581e-05   1.6941e-04   3.8687e-05   1.3072e-04   2.6536e-03
  1.1382e+01   1.7511e-04   3.0955e-05   1.2871e-04   3.4259e-05   9.4452e-05   2.3491e-03
  1.2075e+01   1.4818e-04   2.8518e-05   1.0278e-04   3.0572e-05   7.2208e-05   2.0957e-03
  1.2772e+01   1.0533e-04   2.4163e-05   8.4567e-05   2.7441e-05   5.7125e-05   1.8806e-03
  1.3449e+01   8.8644e-05   2.2161e-05   7.1465e-05   2.4846e-05   4.6619e-05   1.7024e-03
  1.4138e+01   3.9139e-05   1.4793e-05   6.1220e-05   2.2573e-05   3.8647e-05   1.5464e-03
  1.4802e+01   5.0565e-05   1.6855e-05   5.3424e-05   2.0671e-05   3.2753e-05   1.4159e-03
  1.5496e+01   4.4280e-05   1.5655e-05   4.6860e-05   1.8935e-05   2.7925e-05   1.2968e-03
  1.6183e+01   2.7620e-05   1.2352e-05   4.1558e-05   1.7430e-05   2.4128e-05   1.1935e-03
  1.6876e+01   2.2313e-05   1.1157e-05   3.7127e-05   1.6092e-05   2.1035e-05   1.1018e-03
  1.7552e+01   5.6339e-05   1.7816e-05   3.3496e-05   1.4935e-05   1.8561e-05   1.0224e-03
  1.8236e+01   4.5994e-05   1.6261e-05   3.0372e-05   1.3891e-05   1.6481e-05   9.5091e-04
  1.8931e+01   4.6363e-05   1.6392e-05   2.7653e-05   1.2944e-05   1.4710e-05   8.8599e-04
  1.9610e+01   3.4713e-05   1.4172e-05   2.5358e-05   1.2113e-05   1.3245e-05   8.2907e-04
  2.0300e+01   4.0736e-05   1.5397e-05   2.3326e-05   1.1353e-05   1.1973e-05   7.7696e-04
  2.0984e+01   4.0865e-05   1.5445e-05   2.1559e-05   1.0671e-05   1.0888e-05   7.3027e-04
  2.1669e+01   2.4137e-05   1.2069e-05   1.9998e-05   1.0052e-05   9.9466e-06   6.8786e-04
  2.2363e+01   2.4559e-05   1.2280e-05   1.8596e-05   9.4816e-06   9.1148e-06   6.4880e-04
  2.3048e+01   1.2485e-05   8.8279e-06   1.7363e-05   8.9683e-06   8.3949e-06   6.1365e-04
  2.3738e+01   1.2822e-05   9.0667e-06   1.6251e-05   8.4955e-06   7.7554e-06   5.8127e-04
  2.4432e+01   1.9646e-05   1.1343e-05   1.5245e-05   8.0597e-06   7.1858e-06   5.5143e-04
  2.5117e+01   6.4081e-06   6.4081e-06   1.4350e-05   7.6646e-06   6.6853e-06   5.2438e-04
  2.5803e+01   1.9771e-05   1.1415e-05   1.3537e-05   7.3000e-06   6.2369e-06   4.9942e-04
  2.6485e+01   2.0177e-05   1.1649e-05   1.2802e-05   6.9654e-06   5.8365e-06   4.7651e-04
  2.7239e+01   1.6350e-05   9.4398e-06   1.2064e-05   6.6244e-06   5.4394e-06   4.5317e-04
  2.7851e+01   1.6440e-05   9.4916e-06   1.1516e-05   6.3678e-06   5.1479e-06   4.3561e-04
  2.8534e+01   1.1010e-05   7.7856e-06   1.0952e-05   6.1009e-06   4.8510e-06   4.1734e-04
  2.9222e+01   5.5281e-06   5.5281e-06   1.0430e-05   5.8509e-06   4.5789e-06   4.0022e-04
  2.9902e+01   1.1065e-05   7.8239e-06   9.9541e-06   5.6207e-06   4.3334e-06   3.8447e-04
  3.0584e+01   2.7608e-05   1.2347e-05   9.5132e-06   5.4052e-06   4.1080e-06   3.6972e-04
  3.1270e+01   2.7756e-05   1.2413e-05   9.1028e-06   5.2027e-06   3.9001e-06   3.5586e-04
  3.1967e+01   0.0000e+00   5.5675e-06   8.7163e-06   5.0104e-06   3.7060e-06   3.4270e-04
  3.2656e+01   5.5995e-06   5.5995e-06   8.3618e-06   4.8324e-06   3.5293e-06   3.3052e-04
  3.3334e+01   1.1307e-05   7.9951e-06   8.0370e-06   4.6681e-06   3.3688e-06   3.1928e-04
  3.4025e+01   0.0000e+00   5.7200e-06   7.7284e-06   4.5109e-06   3.2175e-06   3.0853e-04
  3.4703e+01   5.6681e-06   5.6681e-06   7.4458e-06   4.3659e-06   3.0798e-06   2.9861e-04
  3.5392e+01   1.6757e-05   9.6746e-06   7.1772e-06   4.2273e-06   2.9499e-06   2.8912e-04
  3.6067e+01   5.5949e-06   5.5949e-06   6.9308e-06   4.0992e-06   2.8315e-06   2.8036e-04
  3.6760e+01   0.0000e+00   5.5339e-06   6.6936e-06   3.9753e-06   2.7183e-06   2.7188e-04
  3.7450e+01   5.5685e-06   5.5685e-06   6.4721e-06   3.8589e-06   2.6131e-06   2.6392e-04
  3.8129e+01   0.0000e+00   5.5129e-06   6.2672e-06   3.7507e-06   2.5165e-06   2.5651e-04
  3.8820e+01   1.0982e-05   7.7652e-06   6.0711e-06   3.6467e-06   2.4244e-06   2.4939e-04
